0.000000000000	 0.072884088034
0.141727635264	 0.072855489836
0.283455270528	 0.072769695240
0.425182905792	 0.072626704247
0.566910541056	 0.072426516857
0.708638176321	 0.072169133070
0.850365811585	 0.071854552885
0.992093446849	 0.071482776303
1.133821082113	 0.071053803325
1.275548717377	 0.070567633949
1.417276352641	 0.070024268176
1.559003987905	 0.069423706005
1.700731623169	 0.068765947438
1.842459258434	 0.068050992473
1.984186893698	 0.067278841111
2.125914528962	 0.066449493352
2.267642164226	 0.065562949196
2.409369799490	 0.064619208643
2.551097434754	 0.063618271692
2.692825070018	 0.062560138345
2.834552705282	 0.061444808600
2.976280340546	 0.060272282458
3.118007975811	 0.059042559918
3.259735611075	 0.057755640982
3.401463246339	 0.056411525649
3.543190881603	 0.055010213918
3.684918516867	 0.053551705790
3.826646152131	 0.052036001265
3.968373787395	 0.050463100343
4.110101422659	 0.048833003023
4.251829057924	 0.047145709307
4.393556693188	 0.045401219193
4.535284328452	 0.043599532682
4.677011963716	 0.041740649774
4.818739598980	 0.039824570469
4.960467234244	 0.037851294766
5.102194869508	 0.035820822667
5.243922504772	 0.033733154170
5.385650140036	 0.031588289276
5.527377775301	 0.029386227985
5.669105410565	 0.027126970296
5.810833045829	 0.024810516211
5.952560681093	 0.022436865728
6.094288316357	 0.020006018848
6.236015951621	 0.017517975571
6.377743586885	 0.014972735897
6.519471222149	 0.012370299826
6.661198857414	 0.009710667357
6.802926492678	 0.006993838492
6.944654127942	 0.004219813229
7.086381763206	 0.001388591569
7.228109398470	-0.001499826488
7.369837033734	-0.004445440942
7.511564668998	-0.007448251792
7.653292304262	-0.010508259036
7.795019939526	-0.013625462665
7.936747574791	-0.016799862651
8.078475210055	-0.020031458912
8.220202845319	-0.023320251201
8.361930480583	-0.026666238826
8.503658115847	-0.030069419911
8.645385751111	-0.033529789584
8.787113386375	-0.037047335707
8.928841021639	-0.040622029265
9.070568656904	-0.044253803738
9.212296292168	-0.047942512900
9.354023927432	-0.051687848569
9.495751562696	-0.055489188207
9.637479197960	-0.059345326859
9.779206833224	-0.063254030531
9.920934468488	-0.067211333550
10.062662103752	-0.071210498952
10.204389739016	-0.075240580489
10.346117374281	-0.079284580033
10.487845009545	-0.083317293354
10.629572644809	-0.087303077434
10.771300280073	-0.091193931983
10.913027915337	-0.094928424253
11.054755550601	-0.098432041766
11.196483185865	-0.101619475686
11.338210821129	-0.104399086531
11.479938456394	-0.106679400175
11.621666091658	-0.108377001209
11.763393726922	-0.109424756406
11.905121362186	-0.109779050866
12.046848997450	-0.109424756406
12.188576632714	-0.108377001209
12.330304267978	-0.106679400175
12.472031903242	-0.104399086531
12.613759538506	-0.101619475686
12.755487173771	-0.098432041766
12.897214809035	-0.094928424253
13.038942444299	-0.091193931983
13.180670079563	-0.087303077434
13.322397714827	-0.083317293354
13.464125350091	-0.079284580033
13.605852985355	-0.075240580489
13.747580620619	-0.071210498952
13.889308255884	-0.067211333550
14.031035891148	-0.063254030531
14.172763526412	-0.059345326859
14.314491161676	-0.055489188207
14.456218796940	-0.051687848569
14.597946432204	-0.047942512900
14.739674067468	-0.044253803738
14.881401702732	-0.040622029265
15.023129337996	-0.037047335707
15.164856973261	-0.033529789584
15.306584608525	-0.030069419911
15.448312243789	-0.026666238826
15.590039879053	-0.023320251201
15.731767514317	-0.020031458912
15.873495149581	-0.016799862651
16.015222784845	-0.013625462665
16.156950420109	-0.010508259036
16.298678055374	-0.007448251792
16.440405690638	-0.004445440942
16.582133325902	-0.001499826488
16.723860961166	 0.001388591569
16.865588596430	 0.004219813229
17.007316231694	 0.006993838492
17.149043866958	 0.009710667357
17.290771502222	 0.012370299826
17.432499137486	 0.014972735897
17.574226772751	 0.017517975571
17.715954408015	 0.020006018848
17.857682043279	 0.022436865728
17.999409678543	 0.024810516211
18.141137313807	 0.027126970296
18.282864949071	 0.029386227985
18.424592584335	 0.031588289276
18.566320219599	 0.033733154170
18.708047854864	 0.035820822667
18.849775490128	 0.037851294766
18.991503125392	 0.039824570469
19.133230760656	 0.041740649774
19.274958395920	 0.043599532682
19.416686031184	 0.045401219193
19.558413666448	 0.047145709307
19.700141301712	 0.048833003023
19.841868936976	 0.050463100343
19.983596572241	 0.052036001265
20.125324207505	 0.053551705790
20.267051842769	 0.055010213918
20.408779478033	 0.056411525649
20.550507113297	 0.057755640982
20.692234748561	 0.059042559918
20.833962383825	 0.060272282458
20.975690019089	 0.061444808600
21.117417654354	 0.062560138345
21.259145289618	 0.063618271692
21.400872924882	 0.064619208643
21.542600560146	 0.065562949196
21.684328195410	 0.066449493352
21.826055830674	 0.067278841111
21.967783465938	 0.068050992473
22.109511101202	 0.068765947438
22.251238736467	 0.069423706005
22.392966371731	 0.070024268176
22.534694006995	 0.070567633949
22.676421642259	 0.071053803325
22.818149277523	 0.071482776303
22.959876912787	 0.071854552885
23.101604548051	 0.072169133070
23.243332183315	 0.072426516857
23.385059818579	 0.072626704247
23.526787453844	 0.072769695240
23.668515089108	 0.072855489836
&
0.000000	0.203443	0.130559
0.141728	0.203333	0.130477
0.283455	0.202969	0.130200
0.425183	0.202400	0.129774
0.566911	0.201597	0.129171
0.708638	0.200595	0.128426
0.850366	0.199348	0.127493
0.992093	0.197876	0.126394
1.133821	0.196134	0.125080
1.275549	0.194155	0.123587
1.417276	0.191914	0.121890
1.559004	0.189469	0.120046
1.700732	0.186815	0.118049
1.842459	0.184027	0.115976
1.984187	0.181109	0.113830
2.125915	0.178143	0.111693
2.267642	0.175136	0.109573
2.409370	0.172163	0.107544
2.551097	0.169228	0.105609
2.692825	0.166385	0.103825
2.834553	0.163611	0.102167
2.976280	0.160950	0.100678
3.118008	0.158341	0.099298
3.259736	0.155769	0.098013
3.401463	0.153115	0.096704
3.543191	0.150324	0.095314
3.684919	0.147276	0.093724
3.826646	0.143965	0.091929
3.968374	0.140360	0.089897
4.110101	0.136547	0.087714
4.251829	0.132543	0.085397
4.393557	0.128414	0.083012
4.535284	0.124089	0.080489
4.677012	0.119519	0.077778
4.818740	0.114542	0.074717
4.960467	0.109078	0.071227
5.102195	0.103004	0.067183
5.243923	0.096323	0.062590
5.385650	0.089013	0.057425
5.527378	0.081163	0.051777
5.669105	0.072807	0.045680
5.810833	0.064098	0.039287
5.952561	0.055121	0.032684
6.094288	0.046058	0.026052
6.236016	0.037008	0.019490
6.377744	0.028157	0.013185
6.519471	0.019589	0.007219
6.661199	0.011470	0.001759
6.802926	0.003841	-0.003153
6.944654	-0.003214	-0.007434
7.086382	-0.009756	-0.011144
7.228109	-0.015804	-0.014305
7.369837	-0.021531	-0.017085
7.511565	-0.027043	-0.019595
7.653292	-0.032553	-0.022045
7.795020	-0.038129	-0.024504
7.936748	-0.043878	-0.027078
8.078475	-0.049732	-0.029701
8.220203	-0.055716	-0.032396
8.361930	-0.061782	-0.035116
8.503658	-0.068106	-0.038037
8.645386	-0.074870	-0.041341
8.787113	-0.082506	-0.045459
8.928841	-0.091380	-0.050758
9.070569	-0.102038	-0.057784
9.212296	-0.114851	-0.066909
9.354024	-0.130331	-0.078643
9.495752	-0.148728	-0.093238
9.637479	-0.170412	-0.111067
9.779207	-0.195405	-0.132151
9.920934	-0.223867	-0.156656
10.062662	-0.255500	-0.184289
10.204390	-0.290075	-0.214835
10.346117	-0.326275	-0.246990
10.487845	-0.365346	-0.282028
10.629573	-0.404076	-0.316773
10.771300	-0.427572	-0.336378
10.913028	-0.429577	-0.334649
11.054756	-0.414256	-0.315824
11.196483	-0.390999	-0.289380
11.338211	-0.368616	-0.264217
11.479938	-0.352561	-0.245882
11.621666	-0.343815	-0.235438
11.763394	-0.340459	-0.231034
11.905121	-0.339716	-0.229936
12.046849	-0.340459	-0.231034
12.188577	-0.343815	-0.235438
12.330304	-0.352561	-0.245882
12.472032	-0.368616	-0.264217
12.613760	-0.390999	-0.289380
12.755487	-0.414256	-0.315824
12.897215	-0.429577	-0.334649
13.038942	-0.427572	-0.336378
13.180670	-0.404076	-0.316773
13.322398	-0.365346	-0.282029
13.464125	-0.326275	-0.246991
13.605853	-0.290075	-0.214835
13.747581	-0.255500	-0.184289
13.889308	-0.223867	-0.156656
14.031036	-0.195405	-0.132151
14.172764	-0.170412	-0.111067
14.314491	-0.148728	-0.093238
14.456219	-0.130331	-0.078643
14.597946	-0.114851	-0.066909
14.739674	-0.102038	-0.057784
14.881402	-0.091380	-0.050758
15.023129	-0.082506	-0.045459
15.164857	-0.074870	-0.041340
15.306585	-0.068106	-0.038036
15.448312	-0.061781	-0.035115
15.590040	-0.055716	-0.032396
15.731768	-0.049732	-0.029700
15.873495	-0.043877	-0.027078
16.015223	-0.038129	-0.024503
16.156950	-0.032552	-0.022044
16.298678	-0.027043	-0.019594
16.440406	-0.021530	-0.017085
16.582133	-0.015804	-0.014304
16.723861	-0.009755	-0.011144
16.865589	-0.003214	-0.007434
17.007316	0.003842	-0.003152
17.149044	0.011470	0.001760
17.290772	0.019589	0.007219
17.432499	0.028158	0.013185
17.574227	0.037008	0.019490
17.715954	0.046058	0.026052
17.857682	0.055121	0.032684
17.999410	0.064098	0.039288
18.141137	0.072807	0.045680
18.282865	0.081164	0.051777
18.424593	0.089014	0.057425
18.566320	0.096324	0.062590
18.708048	0.103004	0.067183
18.849775	0.109079	0.071227
18.991503	0.114542	0.074718
19.133231	0.119519	0.077778
19.274958	0.124089	0.080489
19.416686	0.128413	0.083012
19.558414	0.132543	0.085397
19.700141	0.136547	0.087714
19.841869	0.140360	0.089897
19.983597	0.143965	0.091929
20.125324	0.147276	0.093724
20.267052	0.150324	0.095314
20.408779	0.153115	0.096704
20.550507	0.155769	0.098013
20.692235	0.158341	0.099298
20.833962	0.160950	0.100678
20.975690	0.163612	0.102167
21.117418	0.166385	0.103825
21.259145	0.169228	0.105610
21.400873	0.172164	0.107544
21.542601	0.175136	0.109573
21.684328	0.178143	0.111694
21.826056	0.181109	0.113830
21.967783	0.184027	0.115976
22.109511	0.186816	0.118050
22.251239	0.189470	0.120046
22.392966	0.191914	0.121890
22.534694	0.194155	0.123587
22.676422	0.196134	0.125080
22.818149	0.197877	0.126394
22.959877	0.199348	0.127493
23.101605	0.200595	0.128426
23.243332	0.201597	0.129171
23.385060	0.202400	0.129774
23.526787	0.202969	0.130200
23.668515	0.203333	0.130477
