15.8186	0.246131	0.22445	-0.021681	15.9125	23.7931	23.7663
15.5181	0.250846	0.233195	-0.0176503	19.8747	3.93977	23.7639
16.8723	0.280345	0.251335	-0.0290108	19.8741	23.7865	3.91417
15.1072	0.21763	0.201219	-0.0164104	7.94543	23.7927	23.7661
12.493	0.139242	0.138753	-0.000489058	11.9323	3.92866	23.7729
12.1256	0.12127	0.121381	0.000110609	15.9151	7.89604	23.7951
14.1773	0.197033	0.14352	-0.0535124	19.901	11.8893	23.8019
14.168	0.196877	0.143105	-0.0537716	11.9282	23.757	3.887
12.6201	0.174438	0.140951	-0.0334879	15.9183	3.92369	3.90176
13.4591	0.189649	0.157809	-0.0318405	19.8865	7.90018	3.9016
13.0075	0.169233	0.13213	-0.0371028	15.9172	23.7485	7.87094
12.6208	0.174443	0.14111	-0.0333334	19.8866	3.92366	7.86979
14.1692	0.196896	0.142963	-0.0539332	19.9013	23.7569	11.86
18.2263	0.29458	0.276704	-0.0178765	0.022781	23.7936	23.7653
14.0323	0.21229	0.206999	-0.00529118	3.98239	3.943	23.7647
11.1758	0.0593859	0.100961	0.0415749	7.94813	7.90862	23.7942
10.8182	0.02716	0.0738906	0.0467306	11.9334	11.8946	0.066341
13.0197	0.169555	0.132738	-0.0368173	15.9171	15.8784	4.9e-05
16.8845	0.280475	0.251443	-0.0290321	19.8742	19.835	23.7728
15.514	0.250873	0.233143	-0.0177295	3.97899	23.7952	3.91334
11.7075	0.126106	0.129162	0.0030557	7.93985	3.93633	3.90159
9.81978	-0.00457298	0.0131368	0.0177098	11.9349	7.87403	3.87864
10.8672	0.0759841	0.0466394	-0.0293447	15.9328	11.8914	3.90227
14.2294	0.223291	0.191457	-0.0318338	19.8661	15.8718	3.92199
12.118	0.121172	0.121299	0.000126796	7.93517	23.764	7.87292
8.83016	-0.0565651	-0.210147	-0.153582	11.9216	3.73761	7.72935
8.12639	-0.128483	-0.0956174	0.0328653	15.9945	7.90607	7.79396
10.8678	0.0759912	0.0468304	-0.0291607	19.8857	11.8914	7.85515
10.8075	0.0267868	0.0732801	0.0464933	11.9337	23.6821	11.8544
8.83205	-0.0563842	-0.210668	-0.154284	16.0597	3.73696	11.8665
9.82188	-0.00446053	0.0137403	0.0182009	19.9102	7.87389	11.8529
12.1194	0.121245	0.121017	-0.000227615	15.9153	23.7638	15.8531
11.7095	0.126182	0.129181	0.00299871	19.8868	3.93619	15.8482
15.5158	0.250912	0.233333	-0.0175796	19.8748	23.795	19.8091
15.1117	0.217631	0.201217	-0.0164147	0.021775	7.90609	23.7662
12.498	0.139503	0.139038	-0.000465112	3.96783	11.8931	23.7724
12.1307	0.121593	0.121709	0.000116659	7.93492	15.8763	23.7943
14.1821	0.197118	0.143344	-0.0537745	11.9284	19.8622	23.8017
15.5161	0.250819	0.233191	-0.0176281	0.024178	3.93975	3.91337
11.7105	0.126234	0.129442	0.00320731	3.97547	7.90083	3.90142
9.82371	-0.00423229	0.0136178	0.0178501	7.91275	11.8964	3.87836
10.8708	0.0762002	0.046815	-0.0293852	11.9299	15.894	3.90182
14.2318	0.223278	0.191412	-0.0318657	15.9106	19.8271	3.92205
15.8168	0.246099	0.224393	-0.0217067	0.021961	23.7932	7.87563
10.7179	0.0957498	0.130305	0.0345556	3.98191	3.94261	7.87594
6.52653	-0.377951	-0.110141	0.26781	7.95006	7.91117	7.84008
5.94042	-0.509894	-0.396881	0.113012	11.9423	11.9034	7.63707
9.28428	-0.00684049	0.0667395	0.07358	15.9058	15.8669	7.88216
14.2323	0.223276	0.191362	-0.0319141	19.8661	19.8272	7.87759
12.4886	0.139287	0.138986	-0.000300665	3.96787	23.7865	11.8557
7.30408	-0.247967	-0.173774	0.0741927	7.93063	3.82465	11.8475
5.94151	-0.509635	-0.396615	0.11302	16.1511	11.9031	11.8461
10.8714	0.0762179	0.0466938	-0.029524	19.8855	15.894	11.858
11.1681	0.0592903	0.101182	0.0418916	7.94826	23.7653	15.8397
7.30563	-0.247728	-0.17488	0.0728481	11.9406	3.82394	15.8574
6.52927	-0.377412	-0.11082	0.266592	15.949	7.91116	15.8377
9.82591	-0.00409458	0.0136587	0.0177533	19.9099	11.8962	15.8754
12.49	0.139345	0.138837	-0.000508413	11.9324	23.7861	19.8202
10.7196	0.0958533	0.130112	0.0342586	15.9122	3.94266	19.806
11.7127	0.126322	0.129349	0.00302741	19.8866	7.90079	19.8125
15.8268	0.246282	0.224771	-0.0215111	0.02203	15.8733	23.7658
15.5264	0.251033	0.233257	-0.0177755	3.97899	19.8354	23.7634
14.1753	0.196999	0.143379	-0.0536196	23.7962	11.8893	3.88684
12.6288	0.17481	0.141266	-0.0335433	3.96253	15.8795	3.90123
13.4669	0.189875	0.157937	-0.0319378	7.939	19.8475	3.90136
12.1235	0.121204	0.12177	0.000565777	23.8033	7.89602	7.87279
8.83795	-0.0558231	-0.209261	-0.153438	3.77701	11.8826	7.72912
8.13511	-0.127431	-0.0953194	0.0321116	7.94449	15.9555	7.79398
10.8739	0.0762079	0.0466009	-0.029607	11.9302	19.8464	7.85502
12.4913	0.139205	0.139149	-5.59415e-05	0.015409	3.9286	11.8557
7.30899	-0.247273	-0.173805	0.0734684	3.8637	7.8913	11.8473
5.94736	-0.508243	-0.396672	0.111571	11.9421	16.1118	11.8461
10.8742	0.0762303	0.0465812	-0.029649	15.9328	19.8462	11.8579
15.1065	0.21763	0.201075	-0.0165554	0.02186	23.7926	15.8425
9.67667	0.019021	0.0504852	0.0314642	3.95232	3.91307	15.8354
4.76349	-0.868894	-0.555854	0.31304	7.79546	7.7558	15.9921
8.13591	-0.127333	-0.0946283	0.0327048	15.9935	15.9547	15.8439
13.4679	0.189906	0.157876	-0.03203	19.8863	19.8472	15.8491
14.0293	0.212357	0.207155	-0.00520219	3.98252	23.7941	19.8052
9.67714	0.0190525	0.0504273	0.0313748	7.95241	3.91306	19.8353
7.3112	-0.246944	-0.175226	0.0717173	11.9403	7.89112	19.9248
8.83946	-0.0556785	-0.208446	-0.152768	16.0583	11.8827	20.0106
12.6306	0.174866	0.141535	-0.0333308	19.8866	15.8793	19.8254
16.8824	0.280454	0.251341	-0.0291124	0.015317	19.8349	3.91404
13.0181	0.169512	0.132455	-0.0370565	23.7877	15.8783	7.87071
12.632	0.174805	0.140828	-0.0339773	3.96255	19.8477	7.86952
10.8167	0.0271103	0.0735792	0.0464689	23.7214	11.8947	11.8544
8.84351	-0.0552908	-0.210201	-0.15491	3.77653	16.0205	11.8662
9.8324	-0.00379804	0.0134368	0.0172349	7.91292	19.8712	11.8528
11.1744	0.0593627	0.101205	0.0418424	23.8043	7.90875	15.8397
7.31476	-0.246365	-0.175054	0.0713113	3.86316	11.9011	15.8571
6.53938	-0.375418	-0.110909	0.264509	7.95056	15.9099	15.8372
9.83292	-0.00374535	0.0133693	0.0171147	11.9354	19.8709	15.8753
14.0318	0.212301	0.207095	-0.00520615	0.023281	3.943	19.8055
9.68069	0.0192983	0.0504768	0.0311785	3.95233	7.91245	19.8352
7.31577	-0.24622	-0.174961	0.071259	7.93047	11.9011	19.9248
8.84317	-0.0553244	-0.208442	-0.153118	11.9215	16.0193	20.0102
12.6332	0.174863	0.1409	-0.0339633	15.9184	19.8473	19.8255
14.1812	0.197103	0.142869	-0.0542337	23.796	19.8624	11.8598
12.1303	0.121591	0.121299	-0.000292372	23.803	15.8763	15.8523
11.7207	0.126626	0.128814	0.0021873	3.97567	19.8477	15.8474
12.4973	0.139508	0.139145	-0.000363079	0.015557	11.8929	19.8197
10.7283	0.0963727	0.130134	0.0337612	3.98211	15.8729	19.8051
11.721	0.126641	0.129172	0.00253057	7.93994	19.8476	19.8118
15.526	0.25104	0.233395	-0.0176452	0.024427	19.8354	19.8088

14.7079	0.23978	0.160399	-0.0793809	19.8604	3.94965	3.92778
14.2868	0.204086	0.149305	-0.0547809	0.027083	7.91905	3.92398
13.4903	0.191099	0.146436	-0.0446635	0.031249	3.95467	7.89598
11.4925	0.112838	-0.0553234	-0.168162	11.9265	3.93194	3.90929
11.0443	0.0891625	0.0156335	-0.073529	15.8959	7.91498	3.92764
13.2287	0.179392	0.0397107	-0.139682	19.8516	11.8832	3.93652
15.0433	0.235217	0.16724	-0.0679764	0.016361	15.8545	3.92614
9.97227	0.0466735	0.0926918	0.0460184	15.8641	3.94687	7.92469
11.0453	0.089186	0.0155319	-0.073654	19.8609	7.91496	7.89201
11.9523	0.109011	-0.0472968	-0.156308	23.7719	11.8853	7.86525
11.4943	0.112898	-0.0558403	-0.168738	19.8793	3.93154	11.8618
10.9587	0.0426093	0.00040847	-0.0422008	23.8016	7.90158	11.8609
12.6532	0.149284	0.109407	-0.0398764	0.02924	3.96013	15.8245
13.125	0.195987	0.138327	-0.0576596	4.00016	3.96118	3.9309
9.98445	0.0118035	0.0459917	0.0341882	7.96586	7.92749	3.94319
9.53489	-0.0299573	-0.272813	-0.242856	11.9206	11.8821	3.90464
11.9693	0.144828	0.0932125	-0.0516153	15.8824	15.8445	3.9516
16.1324	0.272064	0.181371	-0.0906931	19.8596	19.821	3.92875
17.5522	0.287611	0.210572	-0.0770389	0.02451	23.7959	3.92304
8.79817	-0.0572194	0.0264332	0.0836526	7.99146	3.97066	7.92474
6.11254	-0.467404	-0.443311	0.024093	11.9555	7.9275	7.8754
7.60213	-0.197794	-0.107714	0.0900798	15.8361	11.8725	7.95224
11.9698	0.14483	0.0930106	-0.0518189	19.8366	15.8444	7.90572
15.0461	0.235199	0.166849	-0.0683502	0.016323	19.8234	7.89521
7.12924	-0.27842	-0.824054	-0.545634	11.9368	3.64658	11.8516
6.11581	-0.466664	-0.445583	0.0210806	15.915	7.92715	11.8326
9.53639	-0.0298739	-0.272397	-0.242523	19.8836	11.8822	11.8676
11.9559	0.109208	-0.0486574	-0.157866	23.7719	15.8842	11.8643
8.79984	-0.0570513	0.0261447	0.0831959	15.8638	3.97072	15.7965
9.98717	0.011961	0.0455255	0.0335645	19.8458	7.92752	15.822
10.9625	0.0429179	-0.000275987	-0.0431939	23.8018	11.8887	15.8483
13.1268	0.19604	0.138349	-0.0576908	19.8572	3.96138	19.7878
12.6564	0.14941	0.109602	-0.0398075	0.029283	7.92458	19.7889
16.2549	0.260137	0.198004	-0.0621325	0.027763	3.95511	23.7603
11.4988	0.113182	-0.0546959	-0.167878	3.97058	11.8879	3.90917
11.051	0.0895917	0.0160669	-0.0735248	7.95335	15.8575	3.92755
13.2343	0.179505	0.0395596	-0.139945	11.9213	19.8131	3.9362
15.0336	0.235034	0.166929	-0.0681043	15.8931	23.788	3.92632
8.80249	-0.0568342	0.0264782	0.0833125	4.00929	7.95236	7.92455
6.11858	-0.466004	-0.44283	0.0231733	7.96572	11.9168	7.87538
7.6064	-0.197209	-0.107067	0.0901421	11.9109	15.797	7.95219
11.9726	0.14483	0.0926686	-0.0521618	15.8828	19.7977	7.90555
15.0341	0.23503	0.167129	-0.067901	19.8619	23.788	7.89524
9.31228	-0.0124751	-0.01116	0.00131509	4.03095	3.99194	11.8643
3.64034	-1.42932	-0.58998	0.83934	8.16717	8.12782	11.8402
7.60683	-0.197152	-0.107472	0.08968	15.8356	15.7967	11.8772
13.2352	0.179523	0.0389654	-0.140557	19.8518	19.8131	11.867
14.9341	0.209943	0.0898116	-0.120131	0.028453	23.7998	11.8627
7.46791	-0.221207	-0.16998	0.0512268	7.99228	3.96589	15.7957
3.63848	-1.43049	-0.591086	0.839406	11.9478	8.12937	15.6171
6.12107	-0.465437	-0.442127	0.0233103	15.9131	11.9164	15.8225
11.0526	0.0896626	0.0156174	-0.0740452	19.8603	15.8574	15.8349
14.2953	0.20432	0.148607	-0.0557129	0.027068	19.8251	15.8302
9.31317	-0.0123991	-0.0114746	0.000924465	11.9238	3.99217	19.7566
8.80406	-0.0566825	0.0266531	0.0833356	15.8632	7.95233	19.7782
11.5011	0.113278	-0.0543681	-0.167646	19.8787	11.8878	19.8177
13.4993	0.191469	0.147385	-0.044084	0.031361	15.8533	19.7942
13.4923	0.191147	0.146675	-0.0444716	15.8921	3.95463	23.7568
14.2889	0.204122	0.149282	-0.0548401	19.8639	7.91899	23.761
14.9423	0.210074	0.0910554	-0.119019	0.028502	11.8868	23.7595
14.7177	0.240009	0.159977	-0.0800316	3.98822	19.8217	3.92756
14.2818	0.204079	0.149072	-0.0550075	7.95781	23.7984	3.92423
9.98364	0.0474833	0.0926502	0.0451669	3.9849	15.8254	7.92409
11.0549	0.0896241	0.0149688	-0.0746553	7.95358	19.8221	7.89199
11.9442	0.108804	-0.0483454	-0.157149	11.9242	23.7326	7.86495
7.13865	-0.276937	-0.823458	-0.546522	3.68607	11.8976	11.8518
6.12716	-0.464081	-0.445412	0.0186695	7.96576	15.876	11.8325
9.5434	-0.02949	-0.272802	-0.243312	11.9207	19.8445	11.8679
11.9448	0.108832	-0.0486331	-0.157465	15.923	23.7324	11.8642
7.47249	-0.22059	-0.169502	0.0510884	4.00509	7.95288	15.7958
3.64582	-1.42588	-0.591081	0.834798	8.17051	11.9085	15.6169
6.1271	-0.464088	-0.443048	0.0210404	11.9554	15.8747	15.8225
11.0557	0.0896872	0.0150652	-0.0746221	15.896	19.8216	15.8349
14.2834	0.204121	0.148908	-0.0552135	19.8639	23.7983	15.8306
11.3184	0.129801	0.124551	-0.00525056	4.01089	3.97171	19.7769
7.47295	-0.220531	-0.169376	0.0511549	7.99222	7.95297	19.7825
7.13916	-0.276857	-0.821909	-0.545052	11.9353	11.897	20.1008
9.98568	0.0476278	0.0923638	0.0447359	15.8639	15.8252	19.8035
14.7195	0.240051	0.160142	-0.0799091	19.8605	19.8216	19.8
16.2524	0.260198	0.198263	-0.0619351	0.027854	23.799	19.7939
12.6542	0.149284	0.109672	-0.0396123	7.96365	3.9603	23.7589
10.9607	0.042673	-1.12151e-05	-0.0426842	11.9269	7.90161	23.797
11.9541	0.109067	-0.0468665	-0.155934	15.9224	11.8851	0.015879
15.0455	0.235246	0.167497	-0.0677492	19.8618	15.8545	23.7718
17.5638	0.287732	0.210898	-0.0768344	0.024601	19.8262	23.7635
13.4877	0.191171	0.146111	-0.0450605	3.99343	23.8026	7.89611
11.5064	0.113407	-0.0564987	-0.169906	3.97053	19.8405	11.8618
10.9523	0.0425301	-7.57363e-05	-0.0426058	7.9405	23.7628	11.8609
8.81076	-0.055997	0.0262982	0.0822952	4.01007	15.8244	15.7959
9.99765	0.0125917	0.0446987	0.032107	7.96638	19.807	15.8218
10.9532	0.0425935	-0.000662184	-0.0432557	11.9274	23.7626	15.8481
9.31958	-0.0118533	-0.0113987	0.000454625	4.03169	11.8845	19.756
8.81116	-0.0559619	0.0262256	0.0821875	7.99134	15.8241	19.7774
11.5073	0.113463	-0.0555172	-0.168981	11.926	19.84	19.8179
13.4894	0.191238	0.146427	-0.0448106	15.8922	23.8026	19.7948
12.6568	0.149391	0.110016	-0.0393745	3.99922	7.92461	23.7587
10.9642	0.0429421	0.000558368	-0.0423837	7.94003	11.8887	23.7971
11.9564	0.109211	-0.046878	-0.156089	11.9233	15.8834	0.015263
15.048	0.235234	0.166786	-0.0684481	15.893	19.8233	23.772
17.5543	0.287633	0.210749	-0.0768839	19.8653	23.7958	23.7637
12.6504	0.149363	0.108879	-0.0404834	3.99914	23.8006	15.8244
13.1371	0.196339	0.137963	-0.0583757	4.00029	19.8182	19.7873
12.6508	0.149381	0.109444	-0.0399371	7.96367	23.8007	19.7889
13.4996	0.191459	0.146806	-0.0446534	3.9934	15.8533	23.7563
14.296	0.204319	0.149418	-0.0549012	7.95764	19.825	23.7607
14.9354	0.209963	0.0901987	-0.119764	11.9256	23.7999	23.7596
16.2527	0.260187	0.198349	-0.0618379	3.99422	23.799	23.7601

