0.000000000000	 0.211058572632
0.148814000000	 0.212659010942
0.297628000000	 0.214070272148
0.446442000000	 0.215292356248
0.595256000000	 0.216325263243
0.744070000000	 0.217168993133
0.892884000000	 0.217823545917
1.041698000000	 0.218288921596
1.190512000000	 0.218565120170
1.339326000000	 0.218652141638
1.488140000000	 0.218549986001
1.636954000000	 0.218258653259
1.785768000000	 0.217778143412
1.934582000000	 0.217108456459
2.083396000000	 0.216249592401
2.232210000000	 0.215201551238
2.381024000000	 0.213964332969
2.529838000000	 0.212537937595
2.678652000000	 0.210922365116
2.827466000000	 0.209117615531
2.976280000000	 0.207123688842
3.125094000000	 0.204940585047
3.273908000000	 0.202568304146
3.422722000000	 0.200006846140
3.571536000000	 0.197256211030
3.720350000000	 0.194316398813
3.869164000000	 0.191187409492
4.017978000000	 0.187869243065
4.166792000000	 0.184361899533
4.315606000000	 0.180665378895
4.464420000000	 0.176779681153
4.613234000000	 0.172704806305
4.762048000000	 0.168440754351
4.910862000000	 0.163987525293
5.059676000000	 0.159345119129
5.208490000000	 0.154513535860
5.357304000000	 0.149492775485
5.506118000000	 0.144282838005
5.654932000000	 0.138883723420
5.803746000000	 0.133295431730
5.952560000000	 0.127517962934
6.101374000000	 0.121551317033
6.250188000000	 0.115395494027
6.399002000000	 0.109050493915
6.547816000000	 0.102516316699
6.696630000000	 0.095792962377
6.845444000000	 0.088880430949
6.994258000000	 0.081778722416
7.143072000000	 0.074487836778
7.291886000000	 0.067007774035
7.440700000000	 0.059338534187
7.589514000000	 0.051480117233
7.738328000000	 0.043432523173
7.887142000000	 0.035195752009
8.035956000000	 0.026769803739
8.184770000000	 0.018154678364
8.333584000000	 0.009350375884
8.482398000000	 0.000356896298
8.631212000000	-0.008825760392
8.780026000000	-0.018197594186
8.928840000000	-0.027758605078
9.077654000000	-0.037508793051
9.226468000000	-0.047448158042
9.375282000000	-0.057576699848
9.524096000000	-0.067894417827
9.672910000000	-0.078401310060
9.821724000000	-0.089097371037
9.970538000000	-0.099982585661
10.119352000000	-0.111056914411
10.268166000000	-0.122320258458
10.416980000000	-0.133772381772
10.565794000000	-0.145412746113
10.714608000000	-0.157240179811
10.863422000000	-0.169252248828
11.012236000000	-0.181444129323
11.161050000000	-0.193806704908
11.309864000000	-0.206323554445
11.458678000000	-0.218966502323
11.607492000000	-0.231689532200
11.756306000000	-0.244421175147
11.905120000000	-0.257055998222
12.053934000000	-0.269446491399
12.202748000000	-0.281397328382
12.351562000000	-0.292664411473
12.500376000000	-0.302961014896
12.649190000000	-0.311972500501
12.798004000000	-0.319379484041
12.946818000000	-0.324887258670
13.095632000000	-0.328257284798
13.244446000000	-0.329335298163
13.393260000000	-0.328070607474
13.542074000000	-0.324522615724
13.690888000000	-0.318853186926
13.839702000000	-0.311306469698
13.988516000000	-0.302180309265
14.137330000000	-0.291794732019
14.286144000000	-0.280462891878
14.434958000000	-0.268468528039
14.583772000000	-0.256051955884
14.732586000000	-0.243404562031
14.881400000000	-0.230670232989
15.030214000000	-0.217951369818
15.179028000000	-0.205317097587
15.327842000000	-0.192811743110
15.476656000000	-0.180462339728
15.625470000000	-0.168284581304
15.774284000000	-0.156287146896
15.923098000000	-0.144474611434
16.071912000000	-0.132849274646
16.220726000000	-0.121412239402
16.369540000000	-0.110164010452
16.518354000000	-0.099104808321
16.667168000000	-0.088234725006
16.815982000000	-0.077553797161
16.964796000000	-0.067062038737
17.113610000000	-0.056759454807
17.262424000000	-0.046646047132
17.411238000000	-0.036721816297
17.560052000000	-0.026986762490
17.708866000000	-0.017440885765
17.857680000000	-0.008084186139
18.006494000000	 0.001083336383
18.155308000000	 0.010061681800
18.304122000000	 0.018850850112
18.452936000000	 0.027450841318
18.601750000000	 0.035861655420
18.750564000000	 0.044083292416
18.899378000000	 0.052115752306
19.048192000000	 0.059959035092
19.197006000000	 0.067613140772
19.345820000000	 0.075078069347
19.494634000000	 0.082353820817
19.643448000000	 0.089440395181
19.792262000000	 0.096337792440
19.941076000000	 0.103046012593
20.089890000000	 0.109565055642
20.238704000000	 0.115894921585
20.387518000000	 0.122035610423
20.536332000000	 0.127987122155
20.685146000000	 0.133749456783
20.833960000000	 0.139322614305
20.982774000000	 0.144706594721
21.131588000000	 0.149901398033
21.280402000000	 0.154907024239
21.429216000000	 0.159723473339
21.578030000000	 0.164350745335
21.726844000000	 0.168788840225
21.875658000000	 0.173037758010
22.024472000000	 0.177097498689
22.173286000000	 0.180968062264
22.322100000000	 0.184649448733
22.470914000000	 0.188141658096
22.619728000000	 0.191444690355
22.768542000000	 0.194558545508
22.917356000000	 0.197483223556
23.066170000000	 0.200218724498
23.214984000000	 0.202765048336
23.363798000000	 0.205122195068
23.512612000000	 0.207290164694
23.661426000000	 0.209268957216
&
0.000000	0.231235	0.020176
0.148814	0.434798	0.222139
0.297628	0.629608	0.415538
0.446442	0.781011	0.565719
0.595256	0.836234	0.619909
0.744070	0.778556	0.561387
0.892884	0.654607	0.436784
1.041698	0.541009	0.322720
1.190512	0.457334	0.238769
1.339326	0.368071	0.149419
1.488140	0.278297	0.059747
1.636954	0.198306	-0.019953
1.785768	0.139908	-0.077870
1.934582	0.105982	-0.111127
2.083396	0.068326	-0.147923
2.232210	-0.005939	-0.221141
2.381024	-0.124856	-0.338821
2.529838	-0.266527	-0.479065
2.678652	-0.410909	-0.621832
2.827466	-0.529339	-0.738457
2.976280	-0.643761	-0.850885
3.125094	-0.763255	-0.968195
3.273908	-0.817393	-1.019961
3.422722	-0.742896	-0.942903
3.571536	-0.541109	-0.738365
3.720350	-0.269865	-0.464182
3.869164	0.019258	-0.171930
4.017978	0.308086	0.120217
4.166792	0.595918	0.411556
4.315606	0.864713	0.684048
4.464420	1.062715	0.885935
4.613234	1.129702	0.956997
4.762048	1.061407	0.892966
4.910862	0.919455	0.755468
5.059676	0.777387	0.618042
5.208490	0.630186	0.475672
5.357304	0.456215	0.306722
5.506118	0.284292	0.140009
5.654932	0.139893	0.001009
5.803746	0.048241	-0.085054
5.952560	-0.013766	-0.141284
6.101374	-0.105165	-0.226716
6.250188	-0.263858	-0.379254
6.399002	-0.469508	-0.578559
6.547816	-0.682377	-0.784893
6.696630	-0.864775	-0.960568
6.845444	-0.990819	-1.079699
6.994258	-1.083331	-1.165110
7.143072	-1.127261	-1.201749
7.291886	-1.068575	-1.135582
7.440700	-0.883369	-0.942708
7.589514	-0.602609	-0.654089
7.738328	-0.282002	-0.325435
7.887142	0.044577	0.009381
8.035956	0.370297	0.343528
8.184770	0.691430	0.673276
8.333584	0.979720	0.970370
8.482398	1.177780	1.177423
8.631212	1.237783	1.246609
8.780026	1.167656	1.185854
8.928840	1.023496	1.051255
9.077654	0.849616	0.887125
9.226468	0.635184	0.682632
9.375282	0.398913	0.456490
9.524096	0.185318	0.253212
9.672910	0.022104	0.100506
9.821724	-0.088262	0.000836
9.970538	-0.194332	-0.094349
10.119352	-0.343483	-0.232426
10.268166	-0.543409	-0.421089
10.416980	-0.756189	-0.622416
10.565794	-0.950830	-0.805417
10.714608	-1.092737	-0.935496
10.863422	-1.186460	-1.017207
11.012236	-1.260941	-1.079497
11.161050	-1.257863	-1.064056
11.309864	-1.106470	-0.900147
11.458678	-0.806542	-0.587576
11.607492	-0.432738	-0.201048
11.756306	-0.064848	0.179573
11.905120	0.260745	0.517801
12.053934	0.539428	0.808875
12.202748	0.760521	1.041918
12.351562	0.883301	1.175965
12.500376	0.853346	1.156307
12.649190	0.667350	0.979323
12.798004	0.398685	0.718065
12.946818	0.147300	0.472187
13.095632	-0.059884	0.268374
13.244446	-0.253896	0.075439
13.393260	-0.409590	-0.081519
13.542074	-0.504512	-0.179989
13.690888	-0.532380	-0.213527
13.839702	-0.506790	-0.195483
13.988516	-0.462848	-0.160668
14.137330	-0.427670	-0.135875
14.286144	-0.408236	-0.127773
14.434958	-0.398689	-0.130220
14.583772	-0.401139	-0.145087
14.732586	-0.424165	-0.180761
14.881400	-0.525816	-0.295145
15.030214	-0.690098	-0.472147
15.179028	-0.785461	-0.580144
15.327842	-0.714922	-0.522110
15.476656	-0.492374	-0.311912
15.625470	-0.204501	-0.036216
15.774284	0.084067	0.240354
15.923098	0.357589	0.502064
16.071912	0.612308	0.745157
16.220726	0.808830	0.930242
16.369540	0.866116	0.976280
16.518354	0.728086	0.827191
16.667168	0.446988	0.535223
16.815982	0.161311	0.238864
16.964796	-0.026658	0.040404
17.113610	-0.143860	-0.087101
17.262424	-0.228376	-0.181730
17.411238	-0.267405	-0.230683
17.560052	-0.266428	-0.239441
17.708866	-0.231617	-0.214176
17.857680	-0.184625	-0.176541
18.006494	-0.144194	-0.145278
18.155308	-0.119317	-0.129379
18.304122	-0.104220	-0.123071
18.452936	-0.099209	-0.126660
18.601750	-0.101002	-0.136864
18.750564	-0.116568	-0.160651
18.899378	-0.199122	-0.251238
19.048192	-0.312627	-0.372586
19.197006	-0.358189	-0.425802
19.345820	-0.293219	-0.368297
19.494634	-0.152466	-0.234820
19.643448	0.003848	-0.085592
19.792262	0.150567	0.054229
19.941076	0.291772	0.188726
20.089890	0.427379	0.317814
20.238704	0.526494	0.410599
20.387518	0.533693	0.411658
20.536332	0.427280	0.299293
20.685146	0.264385	0.130635
20.833960	0.142332	0.003009
20.982774	0.099743	-0.044964
21.131588	0.077035	-0.072866
21.280402	0.057983	-0.096924
21.429216	0.054514	-0.105209
21.578030	0.057678	-0.106673
21.726844	0.066066	-0.102723
21.875658	0.066026	-0.107012
22.024472	0.049543	-0.127554
22.173286	0.011173	-0.169795
22.322100	-0.040703	-0.225353
22.470914	-0.104327	-0.292469
22.619728	-0.165142	-0.356587
22.768542	-0.234755	-0.429314
22.917356	-0.342118	-0.539601
23.066170	-0.438890	-0.639108
23.214984	-0.450834	-0.653599
23.363798	-0.351265	-0.556387
23.512612	-0.175266	-0.382556
23.661426	0.027047	-0.182222
