17.2977	0.0800075	0.231551	0.151544	15.8735	0	0
16.362	0.0855767	0.250379	0.164802	19.8419	3.96838	0
16.362	0.0855767	0.25035	0.164774	19.8419	0	3.96838
17.2977	0.0800075	0.23155	0.151543	7.93674	0	0
14.3082	0.0585205	0.169282	0.110762	11.9051	3.96838	0
13.1616	0.0415405	0.133316	0.0917751	15.8735	7.93674	0
14.3082	0.0585205	0.169636	0.111116	19.8419	11.9051	0
14.3082	0.0585205	0.169247	0.110727	11.9051	0	3.96838
11.9051	0.0494	0.150484	0.101084	15.8735	3.96838	3.96838
11.9051	0.0494	0.15071	0.10131	19.8419	7.93674	3.96838
13.1616	0.0415405	0.133182	0.0916415	15.8735	0	7.93674
11.9051	0.0494	0.150594	0.101194	19.8419	3.96838	7.93674
14.3082	0.0585205	0.169453	0.110932	19.8419	0	11.9051
20.6203	0.100969	0.292761	0.191792	0	0	0
16.362	0.0855767	0.250378	0.164801	3.96838	3.96838	0
13.1616	0.0415405	0.133314	0.0917736	7.93674	7.93674	0
11.9051	0.0102736	0.0597549	0.0494813	11.9051	11.9051	0
13.1616	0.0415405	0.133314	0.0917738	15.8735	15.8735	0
16.362	0.0855767	0.250379	0.164802	19.8419	19.8419	0
16.362	0.0855767	0.250348	0.164772	3.96838	0	3.96838
11.9051	0.0494	0.150483	0.101083	7.93674	3.96838	3.96838
8.87355	-0.0210001	-0.0480401	-0.02704	11.9051	7.93674	3.96838
8.87355	-0.0210001	-0.0474021	-0.026402	15.8735	11.9051	3.96838
11.9051	0.0494	0.150711	0.101311	19.8419	15.8735	3.96838
13.1616	0.0415405	0.133182	0.0916411	7.93674	0	7.93674
8.87355	-0.0210001	-0.0481734	-0.0271733	11.9051	3.96838	7.93674
6.87344	-0.103223	-0.239314	-0.136091	15.8735	7.93674	7.93674
8.87355	-0.0210001	-0.0471983	-0.0261982	19.8419	11.9051	7.93674
11.9051	0.0102736	0.059512	0.0492385	11.9051	0	11.9051
8.87355	-0.0210001	-0.0479315	-0.0269314	15.8735	3.96838	11.9051
8.87355	-0.0210001	-0.0475912	-0.0265911	19.8419	7.93674	11.9051
13.1616	0.0415405	0.133181	0.0916409	15.8735	0	15.8735
11.9051	0.0494	0.15059	0.10119	19.8419	3.96838	15.8735
16.362	0.0855767	0.25035	0.164773	19.8419	0	19.8419
17.2977	0.0800075	0.231766	0.151759	0	7.93674	0
14.3082	0.0585205	0.169636	0.111116	3.96838	11.9051	0
13.1616	0.0415405	0.133314	0.0917737	7.93674	15.8735	0
14.3082	0.0585205	0.169282	0.110761	11.9051	19.8419	0
16.362	0.0855767	0.250419	0.164842	0	3.96838	3.96838
11.9051	0.0494	0.150701	0.101301	3.96838	7.93674	3.96838
8.87355	-0.0210001	-0.0474417	-0.0264416	7.93674	11.9051	3.96838
8.87355	-0.0210001	-0.0484552	-0.0274551	11.9051	15.8735	3.96838
11.9051	0.0494	0.150412	0.101012	15.8735	19.8419	3.96838
17.2977	0.0800075	0.231675	0.151668	0	0	7.93674
11.9051	0.0494	0.150605	0.101205	3.96838	3.96838	7.93674
6.87344	-0.103223	-0.239282	-0.136058	7.93674	7.93674	7.93674
3.96838	-0.412743	-1.38182	-0.969075	11.9051	11.9051	7.93674
6.87344	-0.103223	-0.239775	-0.136552	15.8735	15.8735	7.93674
11.9051	0.0494	0.150605	0.101205	19.8419	19.8419	7.93674
14.3082	0.0585205	0.169453	0.110933	3.96838	0	11.9051
8.87355	-0.0210001	-0.0478632	-0.0268631	7.93674	3.96838	11.9051
3.96838	-0.412743	-1.38528	-0.972534	11.9051	7.93674	11.9051
3.96838	-0.412743	-1.37651	-0.963768	15.8735	11.9051	11.9051
8.87355	-0.0210001	-0.0475242	-0.0265241	19.8419	15.8735	11.9051
13.1616	0.0415405	0.133182	0.0916415	7.93674	0	15.8735
8.87355	-0.0210001	-0.0485882	-0.0275881	11.9051	3.96838	15.8735
6.87344	-0.103223	-0.23989	-0.136666	15.8735	7.93674	15.8735
8.87355	-0.0210001	-0.0472376	-0.0262375	19.8419	11.9051	15.8735
14.3082	0.0585205	0.169247	0.110726	11.9051	0	19.8419
11.9051	0.0494	0.150408	0.101008	15.8735	3.96838	19.8419
11.9051	0.0494	0.150699	0.101299	19.8419	7.93674	19.8419
17.2977	0.0800075	0.231767	0.151759	0	15.8735	0
16.362	0.0855767	0.250378	0.164801	3.96838	19.8419	0
14.3082	0.0585205	0.169684	0.111163	0	11.9051	3.96838
11.9051	0.0494	0.150699	0.101299	3.96838	15.8735	3.96838
11.9051	0.0494	0.150407	0.101007	7.93674	19.8419	3.96838
13.1616	0.0415405	0.133495	0.0919547	0	7.93674	7.93674
8.87355	-0.0210001	-0.0472379	-0.0262378	3.96838	11.9051	7.93674
6.87344	-0.103223	-0.239891	-0.136668	7.93674	15.8735	7.93674
8.87355	-0.0210001	-0.0485898	-0.0275897	11.9051	19.8419	7.93674
14.3082	0.0585205	0.169536	0.111016	0	3.96838	11.9051
8.87355	-0.0210001	-0.0475227	-0.0265226	3.96838	7.93674	11.9051
3.96838	-0.412743	-1.37651	-0.963768	7.93674	11.9051	11.9051
3.96838	-0.412743	-1.38528	-0.972536	11.9051	15.8735	11.9051
8.87355	-0.0210001	-0.0478657	-0.0268656	15.8735	19.8419	11.9051
17.2977	0.0800075	0.231676	0.151668	0	0	15.8735
11.9051	0.0494	0.150607	0.101207	3.96838	3.96838	15.8735
6.87344	-0.103223	-0.239774	-0.136551	7.93674	7.93674	15.8735
3.96838	-0.412743	-1.38182	-0.969075	11.9051	11.9051	15.8735
6.87344	-0.103223	-0.239282	-0.136059	15.8735	15.8735	15.8735
11.9051	0.0494	0.150604	0.101204	19.8419	19.8419	15.8735
16.362	0.0855767	0.250349	0.164773	3.96838	0	19.8419
11.9051	0.0494	0.150412	0.101012	7.93674	3.96838	19.8419
8.87355	-0.0210001	-0.0484543	-0.0274542	11.9051	7.93674	19.8419
8.87355	-0.0210001	-0.0474405	-0.0264404	15.8735	11.9051	19.8419
11.9051	0.0494	0.150702	0.101302	19.8419	15.8735	19.8419
16.362	0.0855767	0.25042	0.164844	0	19.8419	3.96838
13.1616	0.0415405	0.1335	0.0919598	0	15.8735	7.93674
11.9051	0.0494	0.15059	0.10119	3.96838	19.8419	7.93674
11.9051	0.0102736	0.0600888	0.0498152	0	11.9051	11.9051
8.87355	-0.0210001	-0.0475916	-0.0265915	3.96838	15.8735	11.9051
8.87355	-0.0210001	-0.0479325	-0.0269324	7.93674	19.8419	11.9051
13.1616	0.0415405	0.133501	0.0919609	0	7.93674	15.8735
8.87355	-0.0210001	-0.0471972	-0.0261971	3.96838	11.9051	15.8735
6.87344	-0.103223	-0.239315	-0.136092	7.93674	15.8735	15.8735
8.87355	-0.0210001	-0.0481753	-0.0271752	11.9051	19.8419	15.8735
16.362	0.0855767	0.25042	0.164844	0	3.96838	19.8419
11.9051	0.0494	0.150711	0.101311	3.96838	7.93674	19.8419
8.87355	-0.0210001	-0.0474017	-0.0264016	7.93674	11.9051	19.8419
8.87355	-0.0210001	-0.0480413	-0.0270412	11.9051	15.8735	19.8419
11.9051	0.0494	0.150483	0.101083	15.8735	19.8419	19.8419
14.3082	0.0585205	0.169535	0.111015	0	19.8419	11.9051
13.1616	0.0415405	0.133495	0.0919544	0	15.8735	15.8735
11.9051	0.0494	0.150593	0.101193	3.96838	19.8419	15.8735
14.3082	0.0585205	0.169684	0.111164	0	11.9051	19.8419
11.9051	0.0494	0.150709	0.101309	3.96838	15.8735	19.8419
11.9051	0.0494	0.150482	0.101082	7.93674	19.8419	19.8419
16.362	0.0855767	0.250419	0.164842	0	19.8419	19.8419

13.7468	0.0741905	0.219975	0.145784	19.8419	3.96838	3.96838
14.8483	0.0678021	0.199368	0.131566	0	7.93674	3.96838
14.8483	0.0678021	0.199295	0.131493	0	3.96838	7.93674
11.2242	0.0358169	0.0979747	0.0621578	11.9051	3.96838	3.96838
9.72049	0.005638	0.034129	0.0284911	15.8735	7.93674	3.96838
11.2242	0.0358169	0.0985614	0.0627445	19.8419	11.9051	3.96838
14.8483	0.0678021	0.199368	0.131566	0	15.8735	3.96838
9.72049	0.005638	0.0339277	0.0282897	15.8735	3.96838	7.93674
9.72049	0.005638	0.0343027	0.0286647	19.8419	7.93674	7.93674
12.5491	0.0273666	0.106057	0.0786907	0	11.9051	7.93674
11.2242	0.0358169	0.0982251	0.0624083	19.8419	3.96838	11.9051
12.5491	0.0273666	0.105994	0.0786271	0	7.93674	11.9051
14.8483	0.0678021	0.1993	0.131498	0	3.96838	15.8735
13.7468	0.0741905	0.219972	0.145781	3.96838	3.96838	3.96838
9.72049	0.005638	0.0341126	0.0284746	7.93674	7.93674	3.96838
7.93674	-0.0579437	-0.0971497	-0.039206	11.9051	11.9051	3.96838
9.72049	0.005638	0.0339771	0.0283391	15.8735	15.8735	3.96838
13.7468	0.0741905	0.21996	0.14577	19.8419	19.8419	3.96838
18.6133	0.0940974	0.273315	0.179218	0	0	3.96838
9.72049	0.005638	0.0339422	0.0283042	7.93674	3.96838	7.93674
5.61214	-0.197174	-0.567452	-0.370278	11.9051	7.93674	7.93674
5.61214	-0.197174	-0.5654	-0.368226	15.8735	11.9051	7.93674
9.72049	0.005638	0.0343292	0.0286912	19.8419	15.8735	7.93674
14.8483	0.0678021	0.199291	0.131489	0	19.8419	7.93674
7.93674	-0.0579437	-0.0976344	-0.0396908	11.9051	3.96838	11.9051
5.61214	-0.197174	-0.567226	-0.370052	15.8735	7.93674	11.9051
7.93674	-0.0579437	-0.0964032	-0.0384596	19.8419	11.9051	11.9051
12.5491	0.0273666	0.105994	0.0786278	0	15.8735	11.9051
9.72049	0.005638	0.0337604	0.0281224	15.8735	3.96838	15.8735
9.72049	0.005638	0.0342886	0.0286506	19.8419	7.93674	15.8735
12.5491	0.0273666	0.106055	0.078688	0	11.9051	15.8735
13.7468	0.0741905	0.219961	0.14577	19.8419	3.96838	19.8419
14.8483	0.0678021	0.199368	0.131566	0	7.93674	19.8419
18.6133	0.0940974	0.273345	0.179248	0	3.96838	0
11.2242	0.0358169	0.0985313	0.0627144	3.96838	11.9051	3.96838
9.72049	0.005638	0.0339585	0.0283205	7.93674	15.8735	3.96838
11.2242	0.0358169	0.0976677	0.0618508	11.9051	19.8419	3.96838
14.8483	0.0678021	0.199094	0.131292	15.8735	0	3.96838
9.72049	0.005638	0.0343104	0.0286724	3.96838	7.93674	7.93674
5.61214	-0.197174	-0.56561	-0.368437	7.93674	11.9051	7.93674
5.61214	-0.197174	-0.571002	-0.373828	11.9051	15.8735	7.93674
9.72049	0.005638	0.0337932	0.0281552	15.8735	19.8419	7.93674
14.8483	0.0678021	0.199193	0.131391	19.8419	0	7.93674
11.2242	0.0358169	0.0982683	0.0624514	3.96838	3.96838	11.9051
5.61214	-0.197174	-0.566845	-0.369671	7.93674	7.93674	11.9051
5.61214	-0.197174	-0.566843	-0.369669	15.8735	15.8735	11.9051
11.2242	0.0358169	0.0982673	0.0624504	19.8419	19.8419	11.9051
16.8364	0.0727822	0.203205	0.130423	0	0	11.9051
9.72049	0.005638	0.0337923	0.0281543	7.93674	3.96838	15.8735
5.61214	-0.197174	-0.570999	-0.373825	11.9051	7.93674	15.8735
5.61214	-0.197174	-0.565608	-0.368434	15.8735	11.9051	15.8735
9.72049	0.005638	0.034309	0.028671	19.8419	15.8735	15.8735
14.8483	0.0678021	0.199286	0.131484	0	19.8419	15.8735
11.2242	0.0358169	0.0976663	0.0618494	11.9051	3.96838	19.8419
9.72049	0.005638	0.0339583	0.0283203	15.8735	7.93674	19.8419
11.2242	0.0358169	0.0985306	0.0627137	19.8419	11.9051	19.8419
14.8483	0.0678021	0.199367	0.131565	0	15.8735	19.8419
14.8483	0.0678021	0.199135	0.131333	15.8735	3.96838	0
14.8483	0.0678021	0.199309	0.131507	19.8419	7.93674	0
16.8364	0.0727822	0.203367	0.130585	0	11.9051	0
13.7468	0.0741905	0.219958	0.145768	3.96838	19.8419	3.96838
14.8483	0.0678021	0.199093	0.131291	7.93674	0	3.96838
9.72049	0.005638	0.0342879	0.0286499	3.96838	15.8735	7.93674
9.72049	0.005638	0.0337672	0.0281292	7.93674	19.8419	7.93674
12.5491	0.0273666	0.105537	0.0781702	11.9051	0	7.93674
7.93674	-0.0579437	-0.096398	-0.0384544	3.96838	11.9051	11.9051
5.61214	-0.197174	-0.567232	-0.370058	7.93674	15.8735	11.9051
7.93674	-0.0579437	-0.0976479	-0.0397043	11.9051	19.8419	11.9051
12.5491	0.0273666	0.105639	0.0782727	15.8735	0	11.9051
9.72049	0.005638	0.0343367	0.0286987	3.96838	7.93674	15.8735
5.61214	-0.197174	-0.565396	-0.368222	7.93674	11.9051	15.8735
5.61214	-0.197174	-0.567464	-0.37029	11.9051	15.8735	15.8735
9.72049	0.005638	0.0339435	0.0283055	15.8735	19.8419	15.8735
14.8483	0.0678021	0.19919	0.131387	19.8419	0	15.8735
13.7468	0.0741905	0.219961	0.14577	3.96838	3.96838	19.8419
9.72049	0.005638	0.0339744	0.0283364	7.93674	7.93674	19.8419
7.93674	-0.0579437	-0.0971445	-0.0392008	11.9051	11.9051	19.8419
9.72049	0.005638	0.0341161	0.0284781	15.8735	15.8735	19.8419
13.7468	0.0741905	0.219976	0.145786	19.8419	19.8419	19.8419
18.6133	0.0940974	0.273324	0.179226	0	0	19.8419
14.8483	0.0678021	0.199137	0.131334	7.93674	3.96838	0
12.5491	0.0273666	0.105686	0.0783196	11.9051	7.93674	0
12.5491	0.0273666	0.105853	0.0784867	15.8735	11.9051	0
14.8483	0.0678021	0.199311	0.131509	19.8419	15.8735	0
18.6133	0.0940974	0.273349	0.179252	0	19.8419	0
14.8483	0.0678021	0.199189	0.131387	3.96838	0	7.93674
11.2242	0.0358169	0.0982292	0.0624123	3.96838	19.8419	11.9051
12.5491	0.0273666	0.105643	0.0782761	7.93674	0	11.9051
9.72049	0.005638	0.0343034	0.0286654	3.96838	15.8735	15.8735
9.72049	0.005638	0.0339235	0.0282855	7.93674	19.8419	15.8735
12.5491	0.0273666	0.105544	0.078177	11.9051	0	15.8735
11.2242	0.0358169	0.0985639	0.062747	3.96838	11.9051	19.8419
9.72049	0.005638	0.0341327	0.0284947	7.93674	15.8735	19.8419
11.2242	0.0358169	0.0979708	0.0621539	11.9051	19.8419	19.8419
14.8483	0.0678021	0.199094	0.131292	15.8735	0	19.8419
14.8483	0.0678021	0.199309	0.131507	3.96838	7.93674	0
12.5491	0.0273666	0.105852	0.0784859	7.93674	11.9051	0
12.5491	0.0273666	0.105684	0.078317	11.9051	15.8735	0
14.8483	0.0678021	0.199135	0.131332	15.8735	19.8419	0
18.6133	0.0940974	0.27329	0.179192	19.8419	0	0
14.8483	0.0678021	0.199193	0.131391	3.96838	0	15.8735
13.7468	0.0741905	0.219974	0.145783	3.96838	19.8419	19.8419
14.8483	0.0678021	0.19909	0.131288	7.93674	0	19.8419
14.8483	0.0678021	0.199305	0.131503	3.96838	15.8735	0
14.8483	0.0678021	0.199134	0.131332	7.93674	19.8419	0
16.8364	0.0727822	0.202971	0.130189	11.9051	0	0
18.6133	0.0940974	0.273282	0.179185	3.96838	0	0

