0.000000000000	 0.072884088034
0.141727635264	 0.072855489836
0.283455270528	 0.072769695240
0.425182905792	 0.072626704247
0.566910541056	 0.072426516857
0.708638176321	 0.072169133070
0.850365811585	 0.071854552885
0.992093446849	 0.071482776303
1.133821082113	 0.071053803325
1.275548717377	 0.070567633949
1.417276352641	 0.070024268176
1.559003987905	 0.069423706005
1.700731623169	 0.068765947438
1.842459258434	 0.068050992473
1.984186893698	 0.067278841111
2.125914528962	 0.066449493352
2.267642164226	 0.065562949196
2.409369799490	 0.064619208643
2.551097434754	 0.063618271692
2.692825070018	 0.062560138345
2.834552705282	 0.061444808600
2.976280340546	 0.060272282458
3.118007975811	 0.059042559918
3.259735611075	 0.057755640982
3.401463246339	 0.056411525649
3.543190881603	 0.055010213918
3.684918516867	 0.053551705790
3.826646152131	 0.052036001265
3.968373787395	 0.050463100343
4.110101422659	 0.048833003023
4.251829057924	 0.047145709307
4.393556693188	 0.045401219193
4.535284328452	 0.043599532682
4.677011963716	 0.041740649774
4.818739598980	 0.039824570469
4.960467234244	 0.037851294766
5.102194869508	 0.035820822667
5.243922504772	 0.033733154170
5.385650140036	 0.031588289276
5.527377775301	 0.029386227985
5.669105410565	 0.027126970296
5.810833045829	 0.024810516211
5.952560681093	 0.022436865728
6.094288316357	 0.020006018848
6.236015951621	 0.017517975571
6.377743586885	 0.014972735897
6.519471222149	 0.012370299826
6.661198857414	 0.009710667357
6.802926492678	 0.006993838492
6.944654127942	 0.004219813229
7.086381763206	 0.001388591569
7.228109398470	-0.001499826488
7.369837033734	-0.004445440942
7.511564668998	-0.007448251792
7.653292304262	-0.010508259036
7.795019939526	-0.013625462665
7.936747574791	-0.016799862651
8.078475210055	-0.020031458912
8.220202845319	-0.023320251201
8.361930480583	-0.026666238826
8.503658115847	-0.030069419911
8.645385751111	-0.033529789584
8.787113386375	-0.037047335707
8.928841021639	-0.040622029265
9.070568656904	-0.044253803738
9.212296292168	-0.047942512900
9.354023927432	-0.051687848569
9.495751562696	-0.055489188207
9.637479197960	-0.059345326859
9.779206833224	-0.063254030531
9.920934468488	-0.067211333550
10.062662103752	-0.071210498952
10.204389739016	-0.075240580489
10.346117374281	-0.079284580033
10.487845009545	-0.083317293354
10.629572644809	-0.087303077434
10.771300280073	-0.091193931983
10.913027915337	-0.094928424253
11.054755550601	-0.098432041766
11.196483185865	-0.101619475686
11.338210821129	-0.104399086531
11.479938456394	-0.106679400175
11.621666091658	-0.108377001209
11.763393726922	-0.109424756406
11.905121362186	-0.109779050866
12.046848997450	-0.109424756406
12.188576632714	-0.108377001209
12.330304267978	-0.106679400175
12.472031903242	-0.104399086531
12.613759538506	-0.101619475686
12.755487173771	-0.098432041766
12.897214809035	-0.094928424253
13.038942444299	-0.091193931983
13.180670079563	-0.087303077434
13.322397714827	-0.083317293354
13.464125350091	-0.079284580033
13.605852985355	-0.075240580489
13.747580620619	-0.071210498952
13.889308255884	-0.067211333550
14.031035891148	-0.063254030531
14.172763526412	-0.059345326859
14.314491161676	-0.055489188207
14.456218796940	-0.051687848569
14.597946432204	-0.047942512900
14.739674067468	-0.044253803738
14.881401702732	-0.040622029265
15.023129337996	-0.037047335707
15.164856973261	-0.033529789584
15.306584608525	-0.030069419911
15.448312243789	-0.026666238826
15.590039879053	-0.023320251201
15.731767514317	-0.020031458912
15.873495149581	-0.016799862651
16.015222784845	-0.013625462665
16.156950420109	-0.010508259036
16.298678055374	-0.007448251792
16.440405690638	-0.004445440942
16.582133325902	-0.001499826488
16.723860961166	 0.001388591569
16.865588596430	 0.004219813229
17.007316231694	 0.006993838492
17.149043866958	 0.009710667357
17.290771502222	 0.012370299826
17.432499137486	 0.014972735897
17.574226772751	 0.017517975571
17.715954408015	 0.020006018848
17.857682043279	 0.022436865728
17.999409678543	 0.024810516211
18.141137313807	 0.027126970296
18.282864949071	 0.029386227985
18.424592584335	 0.031588289276
18.566320219599	 0.033733154170
18.708047854864	 0.035820822667
18.849775490128	 0.037851294766
18.991503125392	 0.039824570469
19.133230760656	 0.041740649774
19.274958395920	 0.043599532682
19.416686031184	 0.045401219193
19.558413666448	 0.047145709307
19.700141301712	 0.048833003023
19.841868936976	 0.050463100343
19.983596572241	 0.052036001265
20.125324207505	 0.053551705790
20.267051842769	 0.055010213918
20.408779478033	 0.056411525649
20.550507113297	 0.057755640982
20.692234748561	 0.059042559918
20.833962383825	 0.060272282458
20.975690019089	 0.061444808600
21.117417654354	 0.062560138345
21.259145289618	 0.063618271692
21.400872924882	 0.064619208643
21.542600560146	 0.065562949196
21.684328195410	 0.066449493352
21.826055830674	 0.067278841111
21.967783465938	 0.068050992473
22.109511101202	 0.068765947438
22.251238736467	 0.069423706005
22.392966371731	 0.070024268176
22.534694006995	 0.070567633949
22.676421642259	 0.071053803325
22.818149277523	 0.071482776303
22.959876912787	 0.071854552885
23.101604548051	 0.072169133070
23.243332183315	 0.072426516857
23.385059818579	 0.072626704247
23.526787453844	 0.072769695240
23.668515089108	 0.072855489836
&
0.000000	0.203326	0.130442
0.141728	0.203215	0.130360
0.283455	0.202852	0.130082
0.425183	0.202283	0.129657
0.566911	0.201480	0.129054
0.708638	0.200479	0.128310
0.850366	0.199231	0.127377
0.992093	0.197760	0.126277
1.133821	0.196017	0.124963
1.275549	0.194038	0.123471
1.417276	0.191797	0.121773
1.559004	0.189353	0.119929
1.700732	0.186698	0.117932
1.842459	0.183909	0.115858
1.984187	0.180990	0.113711
2.125915	0.178023	0.111573
2.267642	0.175015	0.109452
2.409370	0.172041	0.107422
2.551097	0.169104	0.105486
2.692825	0.166260	0.103700
2.834553	0.163486	0.102041
2.976280	0.160823	0.100551
3.118008	0.158212	0.099169
3.259736	0.155638	0.097883
3.401463	0.152983	0.096572
3.543191	0.150191	0.095180
3.684919	0.147141	0.093589
3.826646	0.143828	0.091792
3.968374	0.140221	0.089758
4.110101	0.136406	0.087573
4.251829	0.132400	0.085254
4.393557	0.128268	0.082867
4.535284	0.123941	0.080342
4.677012	0.119370	0.077629
4.818740	0.114391	0.074566
4.960467	0.108925	0.071074
5.102195	0.102848	0.067027
5.243923	0.096164	0.062431
5.385650	0.088851	0.057262
5.527378	0.080996	0.051610
5.669105	0.072635	0.045508
5.810833	0.063921	0.039111
5.952561	0.054939	0.032502
6.094288	0.045870	0.025864
6.236016	0.036814	0.019296
6.377744	0.027957	0.012984
6.519471	0.019381	0.007011
6.661199	0.011255	0.001544
6.802926	0.003618	-0.003376
6.944654	-0.003445	-0.007665
7.086382	-0.009995	-0.011383
7.228109	-0.016051	-0.014551
7.369837	-0.021786	-0.017340
7.511565	-0.027305	-0.019857
7.653292	-0.032822	-0.022314
7.795020	-0.038403	-0.024777
7.936748	-0.044154	-0.027354
8.078475	-0.050008	-0.029976
8.220203	-0.055989	-0.032668
8.361930	-0.062049	-0.035383
8.503658	-0.068367	-0.038297
8.645386	-0.075123	-0.041593
8.787113	-0.082749	-0.045702
8.928841	-0.091610	-0.050988
9.070569	-0.102250	-0.057997
9.212296	-0.115040	-0.067097
9.354024	-0.130488	-0.078800
9.495752	-0.148843	-0.093354
9.637479	-0.170476	-0.111130
9.779207	-0.195404	-0.132150
9.920934	-0.223789	-0.156578
10.062662	-0.255333	-0.184122
10.204390	-0.289808	-0.214568
10.346117	-0.325897	-0.246613
10.487845	-0.364850	-0.281533
10.629573	-0.403457	-0.316153
10.771300	-0.426828	-0.335634
10.913028	-0.428711	-0.333782
11.054756	-0.413273	-0.314841
11.196483	-0.389909	-0.288289
11.338211	-0.367430	-0.263031
11.479938	-0.351295	-0.244616
11.621666	-0.342488	-0.234111
11.763394	-0.339094	-0.229669
11.905121	-0.338338	-0.228559
12.046849	-0.339094	-0.229669
12.188577	-0.342488	-0.234111
12.330304	-0.351295	-0.244616
12.472032	-0.367430	-0.263031
12.613760	-0.389908	-0.288289
12.755487	-0.413273	-0.314841
12.897215	-0.428711	-0.333782
13.038942	-0.426828	-0.335634
13.180670	-0.403456	-0.316153
13.322398	-0.364850	-0.281532
13.464125	-0.325897	-0.246613
13.605853	-0.289808	-0.214567
13.747581	-0.255333	-0.184122
13.889308	-0.223789	-0.156578
14.031036	-0.195404	-0.132150
14.172764	-0.170475	-0.111130
14.314491	-0.148843	-0.093354
14.456219	-0.130488	-0.078800
14.597946	-0.115039	-0.067097
14.739674	-0.102250	-0.057996
14.881402	-0.091610	-0.050988
15.023129	-0.082749	-0.045702
15.164857	-0.075123	-0.041593
15.306585	-0.068367	-0.038297
15.448312	-0.062049	-0.035383
15.590040	-0.055989	-0.032668
15.731768	-0.050008	-0.029976
15.873495	-0.044154	-0.027354
16.015223	-0.038403	-0.024777
16.156950	-0.032822	-0.022314
16.298678	-0.027305	-0.019857
16.440406	-0.021785	-0.017340
16.582133	-0.016051	-0.014551
16.723861	-0.009994	-0.011383
16.865589	-0.003445	-0.007665
17.007316	0.003618	-0.003376
17.149044	0.011255	0.001544
17.290772	0.019382	0.007011
17.432499	0.027957	0.012984
17.574227	0.036814	0.019296
17.715954	0.045870	0.025864
17.857682	0.054939	0.032502
17.999410	0.063922	0.039111
18.141137	0.072635	0.045508
18.282865	0.080997	0.051610
18.424593	0.088851	0.057262
18.566320	0.096164	0.062431
18.708048	0.102848	0.067027
18.849775	0.108925	0.071074
18.991503	0.114391	0.074567
19.133231	0.119370	0.077629
19.274958	0.123942	0.080342
19.416686	0.128269	0.082868
19.558414	0.132401	0.085255
19.700141	0.136407	0.087574
19.841869	0.140222	0.089759
19.983597	0.143829	0.091793
20.125324	0.147141	0.093590
20.267052	0.150191	0.095181
20.408779	0.152984	0.096572
20.550507	0.155639	0.097883
20.692235	0.158212	0.099169
20.833962	0.160823	0.100551
20.975690	0.163486	0.102041
21.117418	0.166260	0.103700
21.259145	0.169104	0.105486
21.400873	0.172041	0.107422
21.542601	0.175014	0.109451
21.684328	0.178023	0.111573
21.826056	0.180990	0.113711
21.967783	0.183908	0.115857
22.109511	0.186698	0.117932
22.251239	0.189353	0.119929
22.392966	0.191797	0.121773
22.534694	0.194038	0.123471
22.676422	0.196017	0.124963
22.818149	0.197760	0.126277
22.959877	0.199231	0.127377
23.101605	0.200479	0.128310
23.243332	0.201480	0.129054
23.385060	0.202283	0.129657
23.526787	0.202852	0.130082
23.668515	0.203215	0.130360
