15.0844	0.144879	0.134683	-0.0101957	15.9032	0.069301	23.7743
14.0104	0.141181	0.135679	-0.00550142	19.8683	4.03022	23.7755
14.0074	0.141228	0.135615	-0.00561365	19.8682	0.070573	3.92507
15.8012	0.163994	0.156542	-0.00745157	7.94228	0.068109	23.7729
12.4677	0.0923443	0.0987851	0.00644075	11.9193	4.01886	23.7715
11.1488	0.03892	0.0691175	0.0301975	15.9012	7.9975	23.7532
12.4783	0.0927043	0.0987085	0.00600414	19.8799	11.9791	23.7719
12.4645	0.0924132	0.0988091	0.00639596	11.9192	0.066862	3.91327
9.65411	0.0115312	0.0109377	-0.000593503	15.8982	4.00022	3.89488
9.66124	0.0118601	0.0111236	-0.000736561	19.8985	8.00015	3.89493
11.1416	0.0388656	0.0691506	0.030285	15.9012	0.048324	7.89222
9.65696	0.0116626	0.0109079	-0.000754706	19.8985	4.00029	7.89505
12.4688	0.0925592	0.0987065	0.00614734	19.88	0.066888	11.8741
18.2062	0.196291	0.188073	-0.00821819	0.018921	0.069323	23.7744
15.505	0.167077	0.160075	-0.00700225	3.97755	4.02646	23.7762
12.1058	0.0805198	0.0848032	0.00428341	7.93913	7.98462	23.7506
10.7964	0.0177919	0.0517614	0.0339694	11.9179	11.9809	23.6736
12.1167	0.0809487	0.0845895	0.00364079	15.9142	15.9594	23.7509
15.522	0.16733	0.15978	-0.00754992	19.8719	19.9211	23.7766
15.5025	0.16712	0.160039	-0.00708139	3.97742	0.071293	3.92112
10.7029	0.0632604	0.0880465	0.0247861	7.94068	4.0301	3.92439
7.25309	-0.170452	-0.141663	0.0287892	11.9129	7.98644	3.84538
7.26241	-0.169451	-0.141673	0.0277779	15.9125	11.9857	3.84551
10.7215	0.0640053	0.0880808	0.0240755	19.8686	15.9578	3.92481
12.0989	0.0804913	0.084912	0.00442075	7.93895	0.04612	7.87914
7.24766	-0.170971	-0.141856	0.0291145	11.9131	3.95061	7.88075
4.74848	-0.583162	-0.497914	0.085248	16.0595	7.83934	7.73395
7.26644	-0.169065	-0.141422	0.0276434	19.9481	11.9857	7.88093
10.7853	0.0175283	0.05219	0.0346617	11.9179	23.7788	11.8754
7.25153	-0.170555	-0.142032	0.0285228	15.9126	3.95056	11.8803
7.26066	-0.169683	-0.141624	0.0280587	19.9479	7.98648	11.8803
12.1035	0.0806682	0.0847788	0.00411063	15.9142	0.04593	15.8543
10.7103	0.0635574	0.0880056	0.0244482	19.8687	4.03027	15.8526
15.5095	0.167223	0.159915	-0.00730861	19.872	0.07139	19.816
15.0936	0.144884	0.134792	-0.0100922	0.019239	7.99495	23.7741
14.1702	0.131344	0.100491	-0.0308529	3.95385	11.9749	23.7373
13.0146	0.113128	0.0938685	-0.0192599	7.93669	15.962	23.7296
14.1797	0.131454	0.100672	-0.0307822	11.9236	19.9447	23.7373
14.0125	0.141148	0.135742	-0.0054063	0.017953	4.03015	3.92493
11.7046	0.0838564	0.0873965	0.0035401	3.96486	7.98976	3.91908
8.81764	-0.0384439	-0.182159	-0.143716	7.79428	11.9713	3.7408
8.82558	-0.0379363	-0.182295	-0.144359	11.9277	16.1046	3.74092
11.7217	0.0842993	0.087521	0.0032217	15.9088	19.9339	3.91943
15.0881	0.14488	0.134784	-0.0100961	0.019081	0.069325	7.8898
11.701	0.0837513	0.0876174	0.00386609	3.96495	4.02473	7.88414
6.51658	-0.253311	-0.0937769	0.159534	7.90913	7.99857	7.89269
6.53767	-0.250532	-0.0931349	0.157397	15.9006	15.9897	7.89284
11.7241	0.0843682	0.0876938	0.0033256	19.874	19.9339	7.8845
14.1615	0.131247	0.100758	-0.0304892	3.95384	0.0327	11.8696
8.80766	-0.0390822	-0.181702	-0.14262	7.79471	3.84664	11.8658
8.83194	-0.0375316	-0.181697	-0.144166	20.0524	16.1046	11.8657
13.0017	0.112908	0.0944611	-0.0184465	7.9367	0.025263	15.8565
8.81091	-0.0388736	-0.181785	-0.142911	11.9277	3.84665	15.9987
6.5249	-0.252213	-0.0936219	0.158591	15.9006	7.99872	15.8841
8.82705	-0.0378434	-0.181671	-0.143828	20.0524	11.9713	15.999
14.1653	0.131291	0.100893	-0.0303976	11.9237	0.032796	19.8394
11.7079	0.0839305	0.0874288	0.00349834	15.909	4.02479	19.8283
11.7139	0.0841047	0.087434	0.00332929	19.8741	7.98978	19.8285
15.8181	0.164198	0.156288	-0.00791061	0.020293	15.9562	23.7732
16.886	0.187033	0.176684	-0.010349	3.97922	19.9192	23.7653
12.4805	0.0926597	0.0988144	0.00615478	0.021494	11.9792	3.91338
12.6347	0.116648	0.0970106	-0.0196374	3.96373	15.9637	3.90302
12.6401	0.116647	0.0970378	-0.0196097	7.93482	19.9349	3.90292
11.1538	0.0389586	0.0691473	0.0301887	0.040172	7.99748	7.89206
9.81962	-0.00305887	0.0366232	0.0396821	3.9499	11.9814	7.86351
8.15958	-0.0830401	-0.0973007	-0.0142606	7.84813	16.0507	7.88246
9.83339	-0.00260228	0.0372394	0.0398417	11.9173	19.9488	7.86369
12.4741	0.0924422	0.0987805	0.00633836	0.021652	4.01893	11.8738
9.81523	-0.00331775	0.0368968	0.0402146	3.94999	7.96927	11.8756
5.79693	-0.363603	-0.0542124	0.309391	7.86031	11.9745	11.8688
5.80891	-0.361592	-0.0537587	0.307834	11.9243	16.0384	11.8689
9.83613	-0.00243871	0.0374003	0.039839	15.9297	19.9487	11.876
15.808	0.164076	0.156388	-0.00768845	0.020351	0.06826	15.851
12.6249	0.116365	0.0972408	-0.0191246	3.96381	4.0086	15.8583
8.14875	-0.0839035	-0.0967765	-0.012873	7.84858	7.98793	15.9446
5.80162	-0.362815	-0.0540756	0.30874	11.9245	11.9744	15.9329
8.16624	-0.0825094	-0.0965871	-0.0140777	15.911	16.0505	15.9451
12.6467	0.116839	0.0972267	-0.0196123	19.8905	19.9349	15.8587
16.8741	0.186948	0.176859	-0.010089	3.97937	0.060379	19.8139
12.627	0.116365	0.0972819	-0.0190832	7.93496	4.00846	19.8293
9.8206	-0.00313964	0.0367739	0.0399136	11.9177	7.96938	19.8431
9.82807	-0.00270365	0.036868	0.0395716	15.9299	11.9814	19.8435
12.6436	0.116839	0.0970494	-0.01979	19.8904	15.9636	19.8298
15.5239	0.167303	0.159975	-0.00732742	0.016868	19.9211	3.92133
12.1213	0.0809704	0.0848392	0.00386878	0.042488	15.9596	7.87915
13.4802	0.126735	0.110883	-0.0158524	3.9644	19.9341	7.88354
10.8043	0.0179752	0.0519323	0.0339572	0.119896	11.981	11.8755
10.859	0.0504825	0.0682781	0.0177956	3.98706	15.9626	11.87
10.8653	0.0505242	0.0686793	0.0181551	7.93599	19.9116	11.8701
12.1146	0.0807089	0.0848499	0.00414103	0.042556	7.98469	15.8541
10.8552	0.0503233	0.0684197	0.0180964	3.98727	11.9755	15.8572
9.28733	-0.0043837	0.0774829	0.0818666	7.95588	15.9429	15.8374
10.8679	0.0506301	0.0688856	0.0182554	11.9234	19.9117	15.8573
15.5137	0.167151	0.159977	-0.00717472	0.01694	4.02655	19.8158
13.471	0.126562	0.110906	-0.015656	3.96456	7.98872	19.8285
10.8575	0.0503344	0.0684473	0.0181129	7.93619	11.9754	19.806
10.8639	0.0505992	0.0684751	0.0178759	11.9235	15.9625	19.8061
13.4863	0.126852	0.110934	-0.0159185	15.9099	19.934	19.829
14.1856	0.13152	0.100731	-0.030789	0.055949	19.9448	11.8698
13.0232	0.113278	0.0940723	-0.0192058	0.063795	15.962	15.8569
14.2436	0.14904	0.14549	-0.00355008	3.99005	19.9088	15.8468
14.18	0.131454	0.100487	-0.0309673	0.056031	11.975	19.8395
14.2407	0.149048	0.145276	-0.00377206	3.99005	15.952	19.8034
14.2455	0.149033	0.145549	-0.00348379	7.94671	19.9087	19.8033
16.8942	0.187091	0.176661	-0.0104305	0.028023	19.9193	19.8142

11.3089	0.0862106	0.0726085	-0.013602	19.847	4.0513	3.94645
12.6438	0.0993018	0.0596517	-0.03965	0.012162	8.00674	3.93628
12.6407	0.0992182	0.0594847	-0.0397335	0.012107	4.04125	7.90204
9.31063	-0.00839842	-0.0167968	-0.00839833	11.9266	4.0663	3.96087
7.4787	-0.146461	-0.174614	-0.0281532	15.8748	8.02363	3.92979
9.32493	-0.00759064	-0.0168719	-0.00928125	19.8326	11.9713	3.96112
13.4964	0.127682	0.093892	-0.0337905	0.009396	15.9433	3.9308
7.47352	-0.146922	-0.175037	-0.0281143	15.8748	4.03473	7.91865
7.48238	-0.146132	-0.175108	-0.0289759	19.8636	8.02371	7.91859
10.9447	0.0281798	0.00526284	-0.0229169	0.04057	11.975	7.88687
9.31624	-0.00808074	-0.0171105	-0.00902981	19.8324	4.06656	11.8667
10.9409	0.0279877	0.00544735	-0.0225404	0.040424	7.99204	11.8698
13.4879	0.127447	0.0940445	-0.0334026	0.009471	4.0359	15.8383
13.1254	0.130574	0.0859188	-0.0446556	3.98864	4.04242	3.9375
8.81283	-0.0372049	0.0189772	0.056182	7.97537	8.02624	3.93978
7.09242	-0.189378	-0.690669	-0.501291	11.9043	11.9945	3.6719
8.82768	-0.0362079	0.018786	0.0549939	15.8727	15.923	3.94014
13.1453	0.130962	0.0859378	-0.0450237	19.8557	19.9097	3.93782
16.234	0.173288	0.126984	-0.0463037	0.01347	0.074427	3.93367
8.80819	-0.0374776	0.0195271	0.0570046	7.97543	4.04524	7.92072
3.71067	-0.923837	-0.359748	0.564089	11.9326	8.14051	8.03494
3.72867	-0.916538	-0.360026	0.556513	15.7587	11.9665	8.03497
8.83094	-0.0360172	0.0191496	0.0551668	19.8535	15.9229	7.9207
14.3006	0.136284	0.0980408	-0.0382428	0.013848	19.9153	7.89639
7.08069	-0.190632	-0.690025	-0.499393	11.9044	3.77725	11.8892
3.71745	-0.921083	-0.359987	0.561095	15.7583	8.14095	11.8607
7.10039	-0.188529	-0.690191	-0.501662	20.1214	11.9945	11.8891
11.9555	0.0729899	-0.0481577	-0.121148	0.077462	15.9674	11.8664
8.81433	-0.0370644	0.0192055	0.0562699	15.8729	4.04546	15.818
8.82209	-0.03661	0.0190501	0.05566	19.8535	8.02622	15.8179
11.9522	0.0728639	-0.0482309	-0.121095	0.077506	11.9716	15.8621
13.1337	0.130735	0.0858602	-0.0448752	19.8557	4.04254	19.8047
14.2926	0.13614	0.0978565	-0.0382834	0.014058	8.0011	19.8103
16.2365	0.173252	0.127216	-0.0460356	0.013615	4.03834	23.7798
11.5205	0.0759979	-0.0574424	-0.13344	3.95669	11.9743	3.89839
10.0177	0.0333131	0.0824052	0.049092	7.96881	15.9296	3.9099
11.5323	0.0762281	-0.0572189	-0.133447	11.9243	19.9421	3.89852
12.6331	0.0992622	0.0595258	-0.0397364	15.8911	0.076134	3.93634
10.0032	0.00848971	0.042566	0.0340763	3.99199	8.0037	7.89866
6.21724	-0.295939	-0.384554	-0.0886147	7.87221	12.0045	7.82461
6.22812	-0.294377	-0.383948	-0.0895707	11.8946	16.0266	7.82484
10.0231	0.00928252	0.043042	0.0337594	15.8946	19.9065	7.89885
12.6351	0.0993176	0.0596629	-0.0396547	19.8569	0.076245	7.90218
11.5133	0.0757384	-0.0565594	-0.132298	3.95691	4.00382	11.8692
6.20945	-0.2971	-0.383768	-0.0866678	7.8731	7.93063	11.8987
6.23246	-0.293731	-0.383307	-0.0895759	15.9684	16.0264	11.8989
11.537	0.0763989	-0.056988	-0.133387	19.8948	19.942	11.8691
14.9215	0.139896	0.0551552	-0.084741	0.013234	0.0751	11.8678
10.0058	0.0327522	0.0821258	0.0493736	7.96891	4.0152	15.8245
6.21367	-0.296491	-0.383628	-0.0871372	11.8949	7.93069	15.9201
6.22594	-0.294665	-0.383904	-0.0892395	15.9687	12.0046	15.9208
10.026	0.0337042	0.0830814	0.0493773	19.8835	15.9297	15.8247
15.0616	0.157078	0.114994	-0.0420842	0.028393	19.9125	15.8383
11.5182	0.0758381	-0.0571152	-0.132953	11.9241	4.00352	19.8364
10.0115	0.00882035	0.0425475	0.0337271	15.8947	8.00378	19.8014
11.5299	0.0762601	-0.0573068	-0.133567	19.8947	11.9741	19.8367
15.0591	0.157087	0.1146	-0.0424872	0.02843	15.943	19.8078
12.6363	0.0992044	0.0596519	-0.0395526	15.8912	4.04117	23.7813
12.6416	0.0993468	0.0596634	-0.0396834	19.8572	8.00668	23.7813
14.9292	0.139979	0.0551586	-0.0848199	0.0132	11.9724	23.7803
14.7353	0.160182	0.108635	-0.0515468	3.98527	19.9129	3.9251
13.4769	0.127374	0.0940895	-0.0332845	7.95481	0.078837	3.93072
11.0817	0.0606993	-0.00494668	-0.065646	3.97609	15.9541	7.88536
11.0877	0.0607277	-0.004307	-0.0650347	7.94453	19.9225	7.88547
10.9262	0.0277537	0.00535787	-0.0223958	11.9234	0.047719	7.8871
9.50922	-0.0209655	-0.0756036	-0.0546381	4.0052	11.9636	11.8585
7.67745	-0.124959	-0.00745602	0.117503	7.97631	15.922	11.8442
9.52326	-0.0204399	-0.07471	-0.0542701	11.9348	19.8933	11.8586
10.9289	0.0278917	0.00508466	-0.022807	15.9064	0.047601	11.8702
11.0743	0.0603853	-0.00414605	-0.0645313	3.97628	7.99043	15.8486
7.67218	-0.125429	-0.00737377	0.118055	7.97641	11.9492	15.8168
7.68088	-0.124653	-0.00691201	0.117741	11.9492	15.922	15.8168
11.0926	0.060938	-0.00397287	-0.0649109	15.908	19.9223	15.8489
13.483	0.127541	0.0940451	-0.0334957	19.8626	0.078757	15.8384
14.7247	0.160019	0.108741	-0.051278	3.98542	4.02998	19.808
11.0766	0.0603963	-0.00400515	-0.0644015	7.94474	7.99037	19.8169
9.51477	-0.0207592	-0.075353	-0.0545938	11.9351	11.9636	19.788
11.089	0.0609193	-0.00457382	-0.0654932	15.9081	15.9538	19.8173
14.7428	0.160299	0.108519	-0.0517797	19.8684	19.9128	19.8082
17.5498	0.191767	0.139337	-0.0524309	0.017489	0.070444	19.809
13.4798	0.127321	0.0939129	-0.0334078	7.95498	4.03572	23.7838
10.9334	0.0278155	0.00551232	-0.0223032	11.9235	7.992	23.7529
10.9395	0.0281362	0.00504819	-0.023088	15.9066	11.9749	23.7529
13.4942	0.127717	0.0937219	-0.0339948	19.8626	15.943	23.7841
17.5605	0.191841	0.139032	-0.0528097	0.017397	19.9137	23.776
14.2775	0.136027	0.0980813	-0.0379457	3.98303	0.074228	7.89628
13.26	0.120114	0.0428395	-0.077274	3.9935	19.905	11.8626
11.9328	0.0724839	-0.0476154	-0.120099	7.93144	0.010988	11.8668
11.9972	0.0973594	0.0773147	-0.0200447	4.00889	15.9349	15.8302
12.0026	0.0973666	0.0782074	-0.0191592	7.96337	19.8893	15.8301
11.9353	0.0725771	-0.0476411	-0.120218	11.9265	0.01083	15.8622
13.254	0.120035	0.042635	-0.0773999	3.99352	11.9673	19.7999
11.9994	0.0973582	0.0775242	-0.0198341	7.96347	15.9349	19.7844
13.264	0.120166	0.0430392	-0.0771273	11.9309	19.9048	19.7999
14.2833	0.136131	0.0980703	-0.0380608	15.897	0.074036	19.8102
14.283	0.136032	0.0978912	-0.0381413	3.98316	8.00102	23.7793
11.943	0.0726588	-0.0482805	-0.120939	7.93142	11.9715	23.7156
11.9487	0.0728708	-0.0485776	-0.121448	11.9269	15.9673	23.7158
14.2966	0.136279	0.0976972	-0.0385814	15.8969	19.9151	23.7795
16.2323	0.173315	0.127096	-0.0462187	19.8596	0.074416	23.7799
15.0395	0.156871	0.115056	-0.0418149	3.98578	0.059988	15.8383
16.1558	0.181606	0.129175	-0.0524307	3.99023	19.9079	19.8032
15.0414	0.156865	0.11524	-0.0416247	7.95509	0.059891	19.8076
15.0498	0.157001	0.114754	-0.0422475	3.98575	15.9431	23.7652
15.0543	0.156986	0.11484	-0.0421462	7.95507	19.9126	23.7651
14.9161	0.139838	0.0552184	-0.08462	11.9255	0.074908	23.7801
17.5421	0.191714	0.139206	-0.0525079	3.98436	0.070412	23.7758

