0.000000000000	 0.210784946867
0.148814000000	 0.208965063114
0.297628000000	 0.206956002255
0.446442000000	 0.204757764292
0.595256000000	 0.202370349223
0.744070000000	 0.199793757049
0.892884000000	 0.197027987770
1.041698000000	 0.194073041385
1.190512000000	 0.190928917895
1.339326000000	 0.187595617300
1.488140000000	 0.184073139599
1.636954000000	 0.180361484793
1.785768000000	 0.176460652882
1.934582000000	 0.172370643866
2.083396000000	 0.168091457744
2.232210000000	 0.163623094517
2.381024000000	 0.158965554185
2.529838000000	 0.154118836747
2.678652000000	 0.149082942204
2.827466000000	 0.143857870556
2.976280000000	 0.138443621802
3.125094000000	 0.132840195944
3.273908000000	 0.127047592980
3.422722000000	 0.121065812910
3.571536000000	 0.114894855736
3.720350000000	 0.108534721456
3.869164000000	 0.101985410070
4.017978000000	 0.095246921580
4.166792000000	 0.088319255984
4.315606000000	 0.081202413283
4.464420000000	 0.073896393476
4.613234000000	 0.066401196565
4.762048000000	 0.058716822548
4.910862000000	 0.050843271425
5.059676000000	 0.042780543198
5.208490000000	 0.034528637865
5.357304000000	 0.026087555427
5.506118000000	 0.017457295883
5.654932000000	 0.008637859235
5.803746000000	-0.000370754519
5.952560000000	-0.009568545378
6.101374000000	-0.018955513340
6.250188000000	-0.028531658400
6.399002000000	-0.038296980537
6.547816000000	-0.048251479684
6.696630000000	-0.058395155617
6.845444000000	-0.068728007634
6.994258000000	-0.079250033644
7.143072000000	-0.089961227663
7.291886000000	-0.100861573360
7.440700000000	-0.111951028135
7.589514000000	-0.123229485850
7.738328000000	-0.134696693956
7.887142000000	-0.146352078670
8.035956000000	-0.158194395605
8.184770000000	-0.170221069341
8.333584000000	-0.182427015134
8.482398000000	-0.194802660168
8.631212000000	-0.207330827672
8.780026000000	-0.219982160769
8.928840000000	-0.232708904554
9.077654000000	-0.245437191075
9.226468000000	-0.258058502526
9.375282000000	-0.270421667316
9.524096000000	-0.282327412074
9.672910000000	-0.293527895269
9.821724000000	-0.303733498753
9.970538000000	-0.312628249575
10.119352000000	-0.319893596217
10.268166000000	-0.325238174728
10.416980000000	-0.328429237422
10.565794000000	-0.329320245481
10.714608000000	-0.327869261813
10.863422000000	-0.324144351367
11.012236000000	-0.318314846505
11.161050000000	-0.310630318894
11.309864000000	-0.301391547492
11.458678000000	-0.290919012697
11.607492000000	-0.279524238851
11.756306000000	-0.267487888971
11.905120000000	-0.255046461781
12.053934000000	-0.242387414663
12.202748000000	-0.229651050403
12.351562000000	-0.216936791760
12.500376000000	-0.204311474852
12.649190000000	-0.191817785291
12.798004000000	-0.179481652278
12.946818000000	-0.167318069953
13.095632000000	-0.155335298488
13.244446000000	-0.143537675428
13.393260000000	-0.131927372948
13.542074000000	-0.120505428846
13.690888000000	-0.109272316327
13.839702000000	-0.098228241368
13.988516000000	-0.087373289580
14.137330000000	-0.076707494950
14.286144000000	-0.066230870365
14.434958000000	-0.055943420494
14.583772000000	-0.045845146953
14.732586000000	-0.035936050277
14.881400000000	-0.026216130635
15.030214000000	-0.016685388078
15.179028000000	-0.007343822620
15.327842000000	 0.001808565734
15.476656000000	 0.010771776982
15.625470000000	 0.019545811126
15.774284000000	 0.028130668164
15.923098000000	 0.036526348097
16.071912000000	 0.044732850924
16.220726000000	 0.052750176647
16.369540000000	 0.060578325264
16.518354000000	 0.068217296776
16.667168000000	 0.075667091182
16.815982000000	 0.082927708483
16.964796000000	 0.089999148679
17.113610000000	 0.096881411770
17.262424000000	 0.103574497755
17.411238000000	 0.110078406635
17.560052000000	 0.116393138409
17.708866000000	 0.122518693079
17.857680000000	 0.128455070643
18.006494000000	 0.134202271102
18.155308000000	 0.139760294455
18.304122000000	 0.145129140704
18.452936000000	 0.150308809846
18.601750000000	 0.155299301884
18.750564000000	 0.160100616816
18.899378000000	 0.164712754643
19.048192000000	 0.169135715365
19.197006000000	 0.173369498982
19.345820000000	 0.177414105493
19.494634000000	 0.181269534899
19.643448000000	 0.184935787199
19.792262000000	 0.188412862395
19.941076000000	 0.191700760485
20.089890000000	 0.194799481469
20.238704000000	 0.197709025349
20.387518000000	 0.200429392123
20.536332000000	 0.202960581792
20.685146000000	 0.205302594355
20.833960000000	 0.207455429813
20.982774000000	 0.209419088166
21.131588000000	 0.211193569414
21.280402000000	 0.212778873556
21.429216000000	 0.214175000593
21.578030000000	 0.215381950525
21.726844000000	 0.216399723352
21.875658000000	 0.217228319073
22.024472000000	 0.217867737689
22.173286000000	 0.218317979199
22.322100000000	 0.218579043605
22.470914000000	 0.218650930905
22.619728000000	 0.218533641099
22.768542000000	 0.218227174189
22.917356000000	 0.217731530173
23.066170000000	 0.217046709052
23.214984000000	 0.216172710825
23.363798000000	 0.215109535494
23.512612000000	 0.213857183057
23.661426000000	 0.212415653514
&
0.000000	0.210812	0.000027
0.148814	0.139203	-0.069762
0.297628	0.067668	-0.139288
0.446442	0.005893	-0.198865
0.595256	-0.026621	-0.228991
0.744070	-0.016959	-0.216753
0.892884	0.021927	-0.175101
1.041698	0.058250	-0.135823
1.190512	0.072205	-0.118724
1.339326	0.077602	-0.109994
1.488140	0.080964	-0.103109
1.636954	0.079299	-0.101062
1.785768	0.077028	-0.099433
1.934582	0.070424	-0.101947
2.083396	0.052629	-0.115463
2.232210	0.016442	-0.147181
2.381024	-0.031836	-0.190802
2.529838	-0.082753	-0.236872
2.678652	-0.121685	-0.270768
2.827466	-0.151963	-0.295821
2.976280	-0.157660	-0.296104
3.125094	-0.095329	-0.228169
3.273908	0.017792	-0.109255
3.422722	0.124121	0.003055
3.571536	0.182462	0.067567
3.720350	0.196391	0.087856
3.869164	0.191944	0.089959
4.017978	0.183993	0.088746
4.166792	0.169133	0.080814
4.315606	0.137812	0.056610
4.464420	0.096216	0.022319
4.613234	0.075262	0.008861
4.762048	0.097434	0.038718
4.910862	0.142253	0.091410
5.059676	0.152761	0.109981
5.208490	0.111225	0.076696
5.357304	0.053538	0.027450
5.506118	-0.010904	-0.028361
5.654932	-0.075607	-0.084245
5.803746	-0.134350	-0.133980
5.952560	-0.193477	-0.183908
6.101374	-0.258435	-0.239480
6.250188	-0.323209	-0.294678
6.399002	-0.368628	-0.330331
6.547816	-0.380539	-0.332287
6.696630	-0.348565	-0.290170
6.845444	-0.275863	-0.207135
6.994258	-0.135295	-0.056045
7.143072	0.090609	0.180570
7.291886	0.328248	0.429110
7.440700	0.475462	0.587413
7.589514	0.490384	0.613614
7.738328	0.407842	0.542539
7.887142	0.282396	0.428748
8.035956	0.140081	0.298275
8.184770	-0.018090	0.152132
8.333584	-0.183777	-0.001350
8.482398	-0.314736	-0.119933
8.631212	-0.353715	-0.146384
8.780026	-0.293198	-0.073215
8.928840	-0.202154	0.030555
9.077654	-0.170962	0.074475
9.226468	-0.208355	0.049704
9.375282	-0.267772	0.002650
9.524096	-0.334005	-0.051677
9.672910	-0.398892	-0.105364
9.821724	-0.461486	-0.157753
9.970538	-0.519775	-0.207147
10.119352	-0.561274	-0.241380
10.268166	-0.563201	-0.237963
10.416980	-0.511354	-0.182925
10.565794	-0.406385	-0.077065
10.714608	-0.264700	0.063169
10.863422	-0.105163	0.218982
11.012236	0.085441	0.403756
11.161050	0.288526	0.599156
11.309864	0.446235	0.747626
11.458678	0.512543	0.803462
11.607492	0.482711	0.762235
11.756306	0.380996	0.648484
11.905120	0.227107	0.482154
12.053934	0.026310	0.268697
12.202748	-0.217572	0.012079
12.351562	-0.480606	-0.263669
12.500376	-0.710797	-0.506486
12.649190	-0.856442	-0.664624
12.798004	-0.907167	-0.727686
12.946818	-0.894820	-0.727502
13.095632	-0.848450	-0.693114
13.244446	-0.753514	-0.609976
13.393260	-0.613002	-0.481075
13.542074	-0.451238	-0.330732
13.690888	-0.294463	-0.185191
13.839702	-0.173316	-0.075088
13.988516	-0.085799	0.001574
14.137330	0.002923	0.079630
14.286144	0.129563	0.195794
14.434958	0.293327	0.349270
14.583772	0.470396	0.516242
14.732586	0.626661	0.662597
14.881400	0.739649	0.765865
15.030214	0.806903	0.823588
15.179028	0.813883	0.821227
15.327842	0.747230	0.745422
15.476656	0.612859	0.602087
15.625470	0.436328	0.416782
15.774284	0.244280	0.216150
15.923098	0.049729	0.013202
16.071912	-0.145722	-0.190455
16.220726	-0.340015	-0.392765
16.369540	-0.519554	-0.580132
16.518354	-0.658910	-0.727128
16.667168	-0.737106	-0.812773
16.815982	-0.751832	-0.834760
16.964796	-0.714958	-0.804958
17.113610	-0.632072	-0.728953
17.262424	-0.500818	-0.604392
17.411238	-0.343405	-0.453483
17.560052	-0.189718	-0.306111
17.708866	-0.072056	-0.194574
17.857680	-0.005107	-0.133562
18.006494	0.039832	-0.094370
18.155308	0.105744	-0.034016
18.304122	0.206511	0.061382
18.452936	0.323045	0.172736
18.601750	0.436657	0.281358
18.750564	0.529806	0.369705
18.899378	0.611074	0.446362
19.048192	0.679700	0.510564
19.197006	0.701203	0.527834
19.345820	0.650961	0.473546
19.494634	0.536049	0.354779
19.643448	0.387971	0.203035
19.792262	0.231271	0.042858
19.941076	0.073939	-0.117762
20.089890	-0.083906	-0.278705
20.238704	-0.232512	-0.430221
20.387518	-0.345817	-0.546247
20.536332	-0.395227	-0.598187
20.685146	-0.379582	-0.584885
20.833960	-0.327423	-0.534878
20.982774	-0.269442	-0.478861
21.131588	-0.199988	-0.411182
21.280402	-0.113357	-0.326136
21.429216	-0.028151	-0.242326
21.578030	0.042081	-0.173301
21.726844	0.084469	-0.131930
21.875658	0.104068	-0.113160
22.024472	0.118277	-0.099591
22.173286	0.140571	-0.077747
22.322100	0.169288	-0.049291
22.470914	0.200695	-0.017956
22.619728	0.233122	0.014588
22.768542	0.266375	0.048148
22.917356	0.316558	0.098827
23.066170	0.375108	0.158062
23.214984	0.409125	0.192952
23.363798	0.398431	0.183321
23.512612	0.348902	0.135045
23.661426	0.281815	0.069399
