13.2835	-0.04987	-0.29748	-0.24761	13.3299	20.0495	16.0244
13.3293	-0.0502334	-0.289582	-0.239349	13.3959	6.70649	16.0434
13.3085	-0.0140776	-0.309342	-0.295264	16.6504	13.3622	4.94387
8.03196	-0.00162887	0.0380028	0.0396317	-0.229178	13.4975	16.0432
7.97732	0.0484589	0.0114651	-0.0369938	3.08602	19.974	4.88793
18.8651	-0.0474189	-0.294829	-0.24741	16.656	0.007726	4.92792
15.5298	-0.0498791	-0.0566907	-0.00681159	-0.200521	26.6904	16.0017
7.99606	0.0507362	0.0126115	-0.0381247	3.03571	6.66651	5.01261
16.9752	-0.0664264	-0.284228	-0.217802	17.4666	20.0351	17.249
17.0422	-0.0665328	-0.299334	-0.232801	17.5346	6.68253	17.2618
10.8767	0.0172399	-0.312169	-0.329409	20.7921	13.3735	6.15979
8.01481	-0.0218822	0.0376544	0.0595367	3.91921	13.2295	17.2652
7.97448	0.0761072	0.011605	-0.0645022	7.19381	20.0601	6.25606
17.2214	-0.0343476	-0.289792	-0.255445	20.7852	0.018124	6.17464
15.5314	-0.0589673	-0.0589928	-2.54211e-05	3.94759	0.042535	17.2305
7.97576	0.0732446	0.0111273	-0.0621173	7.22318	6.75635	6.10885

7.21573	0.0904424	-0.00462802	-0.0950704	2.99684	19.6072	12.7187
7.21591	0.0906964	-0.00191867	-0.092615	2.99183	7.12376	12.7082
7.23	0.00588139	0.00802524	0.00214386	6.0893	13.3666	2.31383
12.9982	-0.00545643	-0.287304	-0.281847	16.5278	13.3833	12.9237
15.1467	-0.0608924	-0.286808	-0.225915	19.8168	20.0434	1.8476
15.4388	-0.0540367	-0.120877	-0.0668402	6.223	26.7321	1.83139
18.6044	-0.0427512	-0.287753	-0.245002	16.4836	26.7116	12.9535
15.1369	-0.0607432	-0.260469	-0.199726	19.8078	6.71683	1.86001
13.2751	-0.0654143	-0.10342	-0.0380061	0.701863	19.9771	20.2656
13.2724	-0.0654392	-0.101973	-0.0365337	0.900683	6.75222	20.3169
15.1326	-0.0712242	-0.285954	-0.21473	14.3717	13.3673	20.3371
15.1226	-0.00596284	-0.273353	-0.26739	17.6559	20.0551	9.27591
13.362	0.0240681	-0.104565	-0.128633	4.03316	26.7294	9.38344
20.1739	-0.0830863	-0.294802	-0.211715	14.3435	0.02016	20.3454
15.1033	-0.00598452	-0.283393	-0.277409	17.6795	6.67665	9.25735

15.055	-0.0759541	-0.287187	-0.211232	10.7983	22.3122	19.3143
12.9241	-0.068618	-0.288936	-0.220318	10.8384	8.95233	19.331
10.3293	0.0420503	-0.302848	-0.344898	14.0921	15.603	8.23662
12.2731	-0.0595567	0.0435131	0.10307	-2.77928	15.6301	19.3924
9.58866	0.0562984	-0.073919	-0.130217	0.584283	22.2447	8.21615
15.011	-0.0185784	-0.296529	-0.277951	14.1117	2.26854	8.21836
16.4177	-0.0739914	-0.0411708	0.0328206	-2.70659	2.27006	19.283
5.4943	0.239288	0.329891	0.0906023	0.670922	9.18333	8.15841
12.9011	-0.0230202	-0.294636	-0.271616	20.0651	17.8096	13.9736
15.0433	-0.0404567	-0.27817	-0.237713	20.078	4.42971	13.972
10.3629	-0.0228662	-0.300867	-0.278001	23.3572	11.1168	2.88862
5.48394	0.117351	0.332982	0.215631	6.37113	11.3057	13.7776
9.55123	-0.0131578	-0.0310041	-0.0178463	9.69615	17.7904	2.93703
15.0537	-0.0539678	-0.301048	-0.24708	23.3229	24.4874	2.88001
12.3005	-0.0156471	0.0462064	0.0618535	6.46699	24.4642	13.9834
12.3923	-0.0393522	-0.0884275	-0.0490753	9.74848	4.4083	2.85608
12.9077	-0.0106077	-0.313785	-0.303177	13.0182	22.2857	11.863
10.3575	0.0254805	-0.285696	-0.311176	13.0362	8.916	11.8728
15.022	-0.0618188	-0.297631	-0.235813	16.3118	15.5883	0.784132
5.48534	0.199139	0.336447	0.137309	-0.379648	15.3848	11.7672
12.3823	-0.0572583	-0.0864649	-0.0292066	2.75241	22.2893	0.765946
18.5521	-0.0749279	-0.270144	-0.195216	16.3014	2.24613	0.779461
12.3513	0.00341417	0.0464789	0.0430647	-0.547061	2.21185	11.8756
9.6117	-0.0406839	-0.0273564	0.0133275	2.77548	8.89423	0.843147
12.9045	-0.0684531	-0.278826	-0.210373	17.865	17.8328	21.4182
15.042	-0.0758714	-0.275618	-0.199747	17.8677	4.44512	21.4138
10.3663	0.0411559	-0.319109	-0.360265	21.1486	11.16	10.3285
12.2474	-0.0588115	0.0487582	0.10757	4.24361	11.1471	21.487
5.50456	0.240892	0.32364	0.082748	7.45997	17.5882	10.2131
15.0629	-0.0189813	-0.299564	-0.280582	21.1233	24.4948	10.3255
16.459	-0.074125	-0.0447169	0.029408	4.23791	24.5034	21.3719
9.54515	0.0573407	-0.0765686	-0.133909	7.50453	4.52679	10.2866
10.3178	-0.0223572	-0.29157	-0.269213	11.8822	15.562	15.6118
15.036	-0.053823	-0.304875	-0.251052	11.9025	2.23335	15.6227
12.9308	-0.02342	-0.301024	-0.277604	15.2213	8.87417	4.51912
9.60345	-0.0146732	-0.0762173	-0.0615442	-1.6173	8.97671	15.6344
5.50389	0.119426	0.348765	0.229339	1.66089	15.5342	4.79741
15.0266	-0.0405033	-0.276442	-0.235939	15.2053	22.2622	4.51466
12.3054	-0.0384196	0.0542914	0.092711	-1.65657	22.2207	15.608
12.3897	-0.0159075	-0.055441	-0.0395335	1.64516	2.16623	4.54132
18.6171	-0.0747263	-0.301089	-0.226363	18.9189	24.5241	17.6688
15.0266	-0.0615592	-0.299435	-0.237876	18.9806	11.1696	17.6891
10.367	0.0247069	-0.308257	-0.332964	22.2629	17.8511	6.5785
9.55175	-0.0400606	-0.0813741	-0.0413135	5.32124	17.7509	17.6453
12.388	0.00257718	-0.0539832	-0.0565603	8.64382	24.5568	6.55999
12.8718	-0.0105511	-0.262174	-0.251623	22.2974	4.47734	6.60132
12.2593	-0.0558841	0.0562506	0.112135	5.39436	4.51498	17.6271
5.52822	0.197513	0.340124	0.14261	8.4951	11.1959	6.77051

