0.000000000000	-0.066822605385
0.154361169900	-0.065807361328
0.308722339801	-0.064713901242
0.463083509701	-0.063542225127
0.617444679601	-0.062292332983
0.771805849502	-0.060964224810
0.926167019402	-0.059557900608
1.080528189302	-0.058073360377
1.234889359203	-0.056510604117
1.389250529103	-0.054869631828
1.543611699003	-0.053150443510
1.697972868904	-0.051353039163
1.852334038804	-0.049477418786
2.006695208704	-0.047523582381
2.161056378605	-0.045491529947
2.315417548505	-0.043381261483
2.469778718405	-0.041192776991
2.624139888306	-0.038926076470
2.778501058206	-0.036581159919
2.932862228106	-0.034158027340
3.087223398007	-0.031656678731
3.241584567907	-0.029077114094
3.395945737807	-0.026419333427
3.550306907708	-0.023683336731
3.704668077608	-0.020869124007
3.859029247508	-0.017976695253
4.013390417409	-0.015006050470
4.167751587309	-0.011957189659
4.322112757209	-0.008830112818
4.476473927110	-0.005624819948
4.630835097010	-0.002341311049
4.785196266910	 0.001020413879
4.939557436811	 0.004460354835
5.093918606711	 0.007978511819
5.248279776611	 0.011574884826
5.402640946512	 0.015249473842
5.557002116412	 0.019002278818
5.711363286312	 0.022833299601
5.865724456213	 0.026742535723
6.020085626113	 0.030729985825
6.174446796013	 0.034795646134
6.328807965914	 0.038939506624
6.483169135814	 0.043161541847
6.637530305714	 0.047461690073
6.791891475615	 0.051839808237
6.946252645515	 0.056295579631
7.100613815415	 0.060828334744
7.254974985316	 0.065436722463
7.409336155216	 0.070118140828
7.563697325116	 0.074867810249
7.718058495017	 0.079677360660
7.872419664917	 0.084532827410
8.026780834817	 0.089412031587
8.181142004718	 0.094281475635
8.335503174618	 0.099093111658
8.489864344518	 0.103781601297
8.644225514419	 0.108262907412
8.798586684319	 0.112435135736
8.952947854219	 0.116182380324
9.107309024120	 0.119381871646
9.261670194020	 0.121914026031
9.416031363920	 0.123674204576
9.570392533821	 0.124584341696
9.724753703721	 0.124602334479
9.879114873621	 0.123727338565
10.033476043522	 0.121999875944
10.187837213422	 0.119496732061
10.342198383322	 0.116321698155
10.496559553223	 0.112593991674
10.650920723123	 0.108436463958
10.805281893023	 0.103965454410
10.959643062924	 0.099283513407
11.114004232824	 0.094475426479
11.268365402724	 0.089607264912
11.422726572625	 0.084727721507
11.577087742525	 0.079870814690
11.731448912425	 0.075059114161
11.885810082326	 0.070306858930
12.040171252226	 0.065622600195
12.194532422126	 0.061011230384
12.348893592027	 0.056475417949
12.503254761927	 0.052016551139
12.657615931827	 0.047635319151
12.811977101728	 0.043332048610
12.966338271628	 0.039106887331
13.120699441528	 0.034959899212
13.275060611429	 0.030891110641
13.429421781329	 0.026900532033
13.583782951229	 0.022988167316
13.738144121130	 0.019154017908
13.892505291030	 0.015398084295
14.046866460930	 0.011720366640
14.201227630831	 0.008120864992
14.355588800731	 0.004599579367
14.509949970631	 0.001156509769
14.664311140532	-0.002208343800
14.818672310432	-0.005494981340
14.973033480332	-0.008703402851
15.127394650233	-0.011833608333
15.281755820133	-0.014885597786
15.436116990033	-0.017859371210
15.590478159934	-0.020754928604
15.744839329834	-0.023572269970
15.899200499734	-0.026311395307
16.053561669635	-0.028972304615
16.207922839535	-0.031554997893
16.362284009435	-0.034059475143
16.516645179336	-0.036485736364
16.671006349236	-0.038833781555
16.825367519136	-0.041103610718
16.979728689037	-0.043295223852
17.134089858937	-0.045408620956
17.288451028837	-0.047443802032
17.442812198738	-0.049400767078
17.597173368638	-0.051279516095
17.751534538538	-0.053080049084
17.905895708439	-0.054802366043
18.060256878339	-0.056446466973
18.214618048239	-0.058012351875
18.368979218140	-0.059500020747
18.523340388040	-0.060909473590
18.677701557941	-0.062240710404
18.832062727841	-0.063493731189
18.986423897741	-0.064668535946
19.140785067642	-0.065765124673
19.295146237542	-0.066783497371
19.449507407442	-0.067723654040
19.603868577343	-0.068585594680
19.758229747243	-0.069369319290
19.912590917143	-0.070074827872
20.066952087044	-0.070702120425
20.221313256944	-0.071251196949
20.375674426844	-0.071722057444
20.530035596745	-0.072114701910
20.684396766645	-0.072429130346
20.838757936545	-0.072665342754
20.993119106446	-0.072823339133
21.147480276346	-0.072903119482
21.301841446246	-0.072904683803
21.456202616147	-0.072828032094
21.610563786047	-0.072673164357
21.764924955947	-0.072440080590
21.919286125848	-0.072128780795
22.073647295748	-0.071739264970
22.228008465648	-0.071271533117
22.382369635549	-0.070725585234
22.536730805449	-0.070101421322
22.691091975349	-0.069399041382
22.845453145250	-0.068618445412
22.999814315150	-0.067759633413
&
0.000000	0.014198	0.081020
0.154361	0.026195	0.092003
0.308722	0.038348	0.103062
0.463084	0.051105	0.114648
0.617445	0.064054	0.126346
0.771806	0.076013	0.136977
0.926167	0.084155	0.143713
1.080528	0.085777	0.143850
1.234889	0.079024	0.135535
1.389251	0.062574	0.117443
1.543612	0.036594	0.089744
1.697973	0.001814	0.053167
1.852334	-0.040491	0.008986
2.006695	-0.088133	-0.040610
2.161056	-0.138178	-0.092686
2.315418	-0.187434	-0.144053
2.469779	-0.232506	-0.191313
2.624140	-0.270214	-0.231288
2.778501	-0.297069	-0.260488
2.932862	-0.311905	-0.277747
3.087223	-0.315560	-0.283903
3.241585	-0.309253	-0.280176
3.395946	-0.293053	-0.266634
3.550307	-0.269588	-0.245904
3.704668	-0.243037	-0.222168
3.859029	-0.216560	-0.198583
4.013390	-0.194917	-0.179911
4.167752	-0.178556	-0.166599
4.322113	-0.166696	-0.157865
4.476474	-0.159966	-0.154341
4.630835	-0.157542	-0.155200
4.785196	-0.158325	-0.159345
4.939557	-0.160098	-0.164558
5.093919	-0.160347	-0.168325
5.248280	-0.161637	-0.173212
5.402641	-0.163726	-0.178976
5.557002	-0.162654	-0.181656
5.711363	-0.159441	-0.182274
5.865724	-0.153878	-0.180621
6.020086	-0.147120	-0.177850
6.174447	-0.140384	-0.175180
6.328808	-0.134144	-0.173083
6.483169	-0.130264	-0.173426
6.637530	-0.126599	-0.174060
6.791891	-0.120736	-0.172576
6.946253	-0.113341	-0.169636
7.100614	-0.103864	-0.164692
7.254975	-0.089713	-0.155150
7.409336	-0.068592	-0.138710
7.563697	-0.036687	-0.111555
7.718058	0.006738	-0.072939
7.872420	0.062814	-0.021719
8.026781	0.133301	0.043889
8.181142	0.215035	0.120753
8.335503	0.305708	0.206614
8.489864	0.400644	0.296862
8.644226	0.493824	0.385561
8.798587	0.580916	0.468481
8.952948	0.658240	0.542057
9.107309	0.720837	0.601455
9.261670	0.763702	0.641788
9.416031	0.785248	0.661574
9.570393	0.785051	0.660466
9.724754	0.764027	0.639424
9.879115	0.723857	0.600130
10.033476	0.667330	0.545330
10.187837	0.597926	0.478429
10.342198	0.519202	0.402881
10.496560	0.434742	0.322148
10.650921	0.349318	0.240881
10.805282	0.265901	0.161935
10.959643	0.186042	0.086758
11.114004	0.111395	0.016920
11.268365	0.041854	-0.047753
11.422727	-0.022215	-0.106943
11.577088	-0.080700	-0.160571
11.731449	-0.133827	-0.208886
11.885810	-0.181952	-0.252259
12.040171	-0.223432	-0.289055
12.194532	-0.255801	-0.316812
12.348894	-0.276733	-0.333209
12.503255	-0.285519	-0.337535
12.657616	-0.282062	-0.329697
12.811977	-0.265098	-0.308430
12.966338	-0.235840	-0.274947
13.120699	-0.196599	-0.231558
13.275061	-0.149622	-0.180513
13.429422	-0.097774	-0.124675
13.583783	-0.044350	-0.067338
13.738144	0.007563	-0.011591
13.892505	0.055058	0.039660
14.046866	0.096009	0.084289
14.201228	0.127745	0.119624
14.355589	0.148751	0.144152
14.509950	0.159378	0.158222
14.664311	0.160024	0.162232
14.818672	0.151602	0.157097
14.973033	0.136519	0.145222
15.127395	0.118051	0.129884
15.281756	0.096718	0.111604
15.436117	0.072691	0.090551
15.590478	0.047158	0.067913
15.744839	0.021282	0.044854
15.899200	-0.003984	0.022327
16.053562	-0.028416	0.000557
16.207923	-0.051729	-0.020174
16.362284	-0.074419	-0.040359
16.516645	-0.096705	-0.060220
16.671006	-0.116047	-0.077214
16.825368	-0.130684	-0.089581
16.979729	-0.142594	-0.099299
17.134090	-0.152236	-0.106827
17.288451	-0.159465	-0.112021
17.442812	-0.164656	-0.115256
17.597173	-0.167212	-0.115933
17.751535	-0.167748	-0.114668
17.905896	-0.166144	-0.111342
18.060257	-0.163579	-0.107132
18.214618	-0.161156	-0.103144
18.368979	-0.158037	-0.098537
18.523340	-0.154939	-0.094029
18.677702	-0.152812	-0.090572
18.832063	-0.151747	-0.088253
18.986424	-0.152712	-0.088043
19.140785	-0.156258	-0.090492
19.295146	-0.162087	-0.095303
19.449507	-0.171460	-0.103736
19.603869	-0.183254	-0.114669
19.758230	-0.195824	-0.126454
19.912591	-0.208111	-0.138036
20.066952	-0.218100	-0.147397
20.221313	-0.225038	-0.153787
20.375674	-0.228390	-0.156668
20.530036	-0.227114	-0.154999
20.684397	-0.220806	-0.148377
20.838758	-0.210083	-0.137418
20.993119	-0.195273	-0.122449
21.147480	-0.177344	-0.104441
21.301841	-0.157334	-0.084430
21.456203	-0.136361	-0.063533
21.610564	-0.115466	-0.042793
21.764925	-0.095457	-0.023017
21.919286	-0.077122	-0.004993
22.073647	-0.060704	0.011036
22.228008	-0.046552	0.024720
22.382370	-0.035015	0.035710
22.536731	-0.025306	0.044796
22.691092	-0.016544	0.052855
22.845453	-0.007687	0.060931
22.999814	0.002618	0.070378
