0.000000000000	-0.010906451153
0.150894000000	-0.009465719768
0.301788000000	-0.007993273771
0.452682000000	-0.006489113162
0.603576000000	-0.004953237942
0.754470000000	-0.003385648110
0.905364000000	-0.001786343666
1.056258000000	-0.000155324610
1.207152000000	 0.001507409058
1.358046000000	 0.003201857337
1.508940000000	 0.004928020228
1.659834000000	 0.006685897731
1.810728000000	 0.008475489846
1.961622000000	 0.010296796573
2.112516000000	 0.012149817911
2.263410000000	 0.014034553860
2.414304000000	 0.015951004418
2.565198000000	 0.017899169576
2.716092000000	 0.019879049311
2.866986000000	 0.021890643545
3.017880000000	 0.023933952052
3.168774000000	 0.026008974188
3.319668000000	 0.028115708209
3.470562000000	 0.030254149573
3.621456000000	 0.032424286973
3.772350000000	 0.034626093438
3.923244000000	 0.036859507390
4.074138000000	 0.039124394260
4.225032000000	 0.041420472643
4.375926000000	 0.043747179605
4.526820000000	 0.046103438226
4.677714000000	 0.048487279137
4.828608000000	 0.050895261365
4.979502000000	 0.053321643861
5.130396000000	 0.055757286695
5.281290000000	 0.058188317692
5.432184000000	 0.060594687626
5.583078000000	 0.062948844400
5.733972000000	 0.065214858359
5.884866000000	 0.067348388225
6.035760000000	 0.069297848234
6.186654000000	 0.071006993070
6.337548000000	 0.072418880716
6.488442000000	 0.073480849085
6.639336000000	 0.074149832998
6.790230000000	 0.074397152043
6.941124000000	 0.074211896456
7.092018000000	 0.073602253872
7.242912000000	 0.072594511659
7.393806000000	 0.071229934717
7.544700000000	 0.069560128421
7.695594000000	 0.067641741807
7.846488000000	 0.065531394129
7.997382000000	 0.063281535693
8.148276000000	 0.060937654847
8.299170000000	 0.058536915121
8.450064000000	 0.056108036485
8.600958000000	 0.053672073435
8.751852000000	 0.051243698356
8.902746000000	 0.048832646008
9.053640000000	 0.046445072909
9.204534000000	 0.044084693865
9.355428000000	 0.041753649059
9.506322000000	 0.039453116486
9.657216000000	 0.037183715909
9.808110000000	 0.034945759135
9.959004000000	 0.032739396222
10.109898000000	 0.030564696272
10.260792000000	 0.028421689743
10.411686000000	 0.026310389485
10.562580000000	 0.024230800689
10.713474000000	 0.022182925365
10.864368000000	 0.020166764256
11.015262000000	 0.018182317626
11.166156000000	 0.016229585567
11.317050000000	 0.014308568106
11.467944000000	 0.012419265253
11.618838000000	 0.010561677011
11.769732000000	 0.008735803380
11.920626000000	 0.006941644361
12.071520000000	 0.005179199954
12.222414000000	 0.003448470159
12.373308000000	 0.001749454975
12.524202000000	 0.000082154403
12.675096000000	-0.001553431557
12.825990000000	-0.003157302905
12.976884000000	-0.004729459641
13.127778000000	-0.006269901766
13.278672000000	-0.007778629278
13.429566000000	-0.009255642179
13.580460000000	-0.010700940468
13.731354000000	-0.012114524146
13.882248000000	-0.013496393211
14.033142000000	-0.014846547665
14.184036000000	-0.016164987507
14.334930000000	-0.017451712737
14.485824000000	-0.018706723355
14.636718000000	-0.019930019361
14.787612000000	-0.021121600756
14.938506000000	-0.022281467539
15.089400000000	-0.023409619710
15.240294000000	-0.024506057269
15.391188000000	-0.025570780217
15.542082000000	-0.026603788552
15.692976000000	-0.027605082276
15.843870000000	-0.028574661388
15.994764000000	-0.029512525889
16.145658000000	-0.030418675777
16.296552000000	-0.031293111054
16.447446000000	-0.032135831719
16.598340000000	-0.032946837772
16.749234000000	-0.033726129213
16.900128000000	-0.034473706042
17.051022000000	-0.035189568260
17.201916000000	-0.035873715866
17.352810000000	-0.036526148860
17.503704000000	-0.037146867242
17.654598000000	-0.037735871012
17.805492000000	-0.038293160171
17.956386000000	-0.038818734718
18.107280000000	-0.039312594653
18.258174000000	-0.039774739976
18.409068000000	-0.040205170687
18.559962000000	-0.040603886787
18.710856000000	-0.040970888275
18.861750000000	-0.041306175151
19.012644000000	-0.041609747415
19.163538000000	-0.041881605067
19.314432000000	-0.042121748108
19.465326000000	-0.042330176537
19.616220000000	-0.042506890354
19.767114000000	-0.042651889559
19.918008000000	-0.042765174152
20.068902000000	-0.042846744134
20.219796000000	-0.042896599503
20.370690000000	-0.042914740261
20.521584000000	-0.042901166408
20.672478000000	-0.042855877942
20.823372000000	-0.042778874864
20.974266000000	-0.042670157175
21.125160000000	-0.042529724874
21.276054000000	-0.042357577961
21.426948000000	-0.042153716437
21.577842000000	-0.041918140300
21.728736000000	-0.041650849552
21.879630000000	-0.041351844192
22.030524000000	-0.041021124220
22.181418000000	-0.040658689636
22.332312000000	-0.040264540441
22.483206000000	-0.039838676633
22.634100000000	-0.039381098214
22.784994000000	-0.038891805183
22.935888000000	-0.038370797541
23.086782000000	-0.037818075286
23.237676000000	-0.037233638420
23.388570000000	-0.036617486942
23.539464000000	-0.035969620852
23.690358000000	-0.035290040150
23.841252000000	-0.034578744837
23.992146000000	-0.033835734911
24.143040000000	-0.033061010374
24.293934000000	-0.032254571225
24.444828000000	-0.031416417464
24.595722000000	-0.030546549092
24.746616000000	-0.029644966108
24.897510000000	-0.028711668511
25.048404000000	-0.027746656303
25.199298000000	-0.026749929484
25.350192000000	-0.025721488052
25.501086000000	-0.024661332009
25.651980000000	-0.023569461354
25.802874000000	-0.022445876087
25.953768000000	-0.021290576208
26.104662000000	-0.020103561717
26.255556000000	-0.018884832615
26.406450000000	-0.017634388901
26.557344000000	-0.016352230575
26.708238000000	-0.015038357637
26.859132000000	-0.013692770087
27.010026000000	-0.012315467926
&
0.000000	-0.126735	-0.115829
0.150894	-0.097093	-0.087627
0.301788	-0.065492	-0.057498
0.452682	-0.031364	-0.024875
0.603576	0.005603	0.010556
0.754470	0.046200	0.049586
0.905364	0.090804	0.092591
1.056258	0.139769	0.139924
1.207152	0.189217	0.187710
1.358046	0.233579	0.230377
1.508940	0.274153	0.269225
1.659834	0.309567	0.302881
1.810728	0.335201	0.326726
1.961622	0.348058	0.337761
2.112516	0.345811	0.333661
2.263410	0.327740	0.313706
2.414304	0.293635	0.277684
2.565198	0.244983	0.227083
2.716092	0.184048	0.164169
2.866986	0.114717	0.092827
3.017880	0.041189	0.017255
3.168774	-0.031786	-0.057795
3.319668	-0.098028	-0.126144
3.470562	-0.153824	-0.184078
3.621456	-0.196215	-0.228639
3.772350	-0.222301	-0.256927
3.923244	-0.230631	-0.267490
4.074138	-0.220398	-0.259522
4.225032	-0.191885	-0.233305
4.375926	-0.146663	-0.190410
4.526820	-0.087194	-0.133297
4.677714	-0.017221	-0.065708
4.828608	0.063490	0.012595
4.979502	0.155892	0.102571
5.130396	0.253906	0.198148
5.281290	0.354536	0.296347
5.432184	0.459067	0.398472
5.583078	0.566139	0.503190
5.733972	0.673939	0.608724
5.884866	0.778676	0.711327
6.035760	0.876139	0.806841
6.186654	0.963804	0.892797
6.337548	1.037794	0.965375
6.488442	1.094335	1.020855
6.639336	1.130573	1.056423
6.790230	1.144327	1.069930
6.941124	1.134733	1.060521
7.092018	1.102237	1.028634
7.242912	1.048613	0.976018
7.393806	0.976558	0.905328
7.544700	0.889517	0.819957
7.695594	0.791362	0.723720
7.846488	0.685892	0.620361
7.997382	0.576834	0.513553
8.148276	0.467683	0.406746
8.299170	0.360612	0.302075
8.450064	0.257146	0.201038
8.600958	0.156795	0.103123
8.751852	0.062474	0.011231
8.902746	-0.019915	-0.068748
9.053640	-0.091198	-0.137643
9.204534	-0.151219	-0.195304
9.355428	-0.196413	-0.238166
9.506322	-0.224341	-0.263794
9.657216	-0.233390	-0.270573
9.808110	-0.223371	-0.258317
9.959004	-0.194909	-0.227648
10.109898	-0.149914	-0.180478
10.260792	-0.091167	-0.119589
10.411686	-0.022442	-0.048753
10.562580	0.052093	0.027862
10.713474	0.127314	0.105131
10.864368	0.198303	0.178137
11.015262	0.260557	0.242374
11.166156	0.310198	0.293968
11.317050	0.344762	0.330453
11.467944	0.362791	0.350371
11.618838	0.364453	0.353891
11.769732	0.350564	0.341828
11.920626	0.323547	0.316606
12.071520	0.286580	0.281401
12.222414	0.244462	0.241013
12.373308	0.198470	0.196721
12.524202	0.147443	0.147361
12.675096	0.097208	0.098762
12.825990	0.051704	0.054861
12.976884	0.010537	0.015267
13.127778	-0.026663	-0.020393
13.278672	-0.060710	-0.052932
13.429566	-0.091906	-0.082650
13.580460	-0.120804	-0.110103
13.731354	-0.147637	-0.135522
13.882248	-0.172776	-0.159280
14.033142	-0.196459	-0.181612
14.184036	-0.218934	-0.202769
14.334930	-0.240504	-0.223052
14.485824	-0.261334	-0.242628
14.636718	-0.281509	-0.261578
14.787612	-0.299835	-0.278713
14.938506	-0.315966	-0.293685
15.089400	-0.330379	-0.306970
15.240294	-0.342466	-0.317960
15.391188	-0.351504	-0.325933
15.542082	-0.357067	-0.330463
15.692976	-0.358885	-0.331280
15.843870	-0.356910	-0.328335
15.994764	-0.351320	-0.321808
16.145658	-0.342509	-0.312090
16.296552	-0.331214	-0.299921
16.447446	-0.318166	-0.286030
16.598340	-0.304546	-0.271599
16.749234	-0.290930	-0.257204
16.900128	-0.277350	-0.242876
17.051022	-0.265362	-0.230173
17.201916	-0.255398	-0.219524
17.352810	-0.247777	-0.211250
17.503704	-0.242819	-0.205672
17.654598	-0.240184	-0.202449
17.805492	-0.239828	-0.201535
17.956386	-0.241071	-0.202252
18.107280	-0.243425	-0.204113
18.258174	-0.245913	-0.206138
18.409068	-0.249031	-0.208826
18.559962	-0.252793	-0.212189
18.710856	-0.255912	-0.214941
18.861750	-0.258049	-0.216743
19.012644	-0.259336	-0.217726
19.163538	-0.260651	-0.218769
19.314432	-0.262121	-0.220000
19.465326	-0.264793	-0.222463
19.616220	-0.268596	-0.226090
19.767114	-0.272807	-0.230155
19.918008	-0.277869	-0.235104
20.068902	-0.283567	-0.240721
20.219796	-0.289809	-0.246912
20.370690	-0.296347	-0.253432
20.521584	-0.302906	-0.260005
20.672478	-0.309045	-0.266190
20.823372	-0.314493	-0.271714
20.974266	-0.318649	-0.275979
21.125160	-0.321617	-0.279087
21.276054	-0.322418	-0.280060
21.426948	-0.319845	-0.277691
21.577842	-0.314952	-0.273034
21.728736	-0.307632	-0.265981
21.879630	-0.298034	-0.256683
22.030524	-0.286408	-0.245387
22.181418	-0.272820	-0.232161
22.332312	-0.257846	-0.217581
22.483206	-0.243255	-0.203416
22.634100	-0.230030	-0.190649
22.784994	-0.217817	-0.178926
22.935888	-0.208207	-0.169836
23.086782	-0.202222	-0.164404
23.237676	-0.200786	-0.163552
23.388570	-0.204153	-0.167535
23.539464	-0.212334	-0.176364
23.690358	-0.225377	-0.190087
23.841252	-0.242421	-0.207842
23.992146	-0.263703	-0.229868
24.143040	-0.287588	-0.254527
24.293934	-0.311631	-0.279377
24.444828	-0.334787	-0.303370
24.595722	-0.355482	-0.324935
24.746616	-0.372343	-0.342698
24.897510	-0.384429	-0.355717
25.048404	-0.391005	-0.363258
25.199298	-0.391954	-0.365204
25.350192	-0.387312	-0.361590
25.501086	-0.377579	-0.352918
25.651980	-0.363485	-0.339916
25.802874	-0.346193	-0.323747
25.953768	-0.326859	-0.305568
26.104662	-0.304847	-0.284743
26.255556	-0.280673	-0.261788
26.406450	-0.256284	-0.238650
26.557344	-0.231768	-0.215416
26.708238	-0.206881	-0.191843
26.859132	-0.181291	-0.167598
27.010026	-0.154658	-0.142343
