15.0844	0.123352	0.0622272	-0.0611248	15.9032	0.069301	23.7743
14.0104	0.119656	0.0735634	-0.0460929	19.8683	4.03022	23.7755
14.0074	0.119704	0.0735013	-0.0462025	19.8682	0.070573	3.92507
15.8012	0.142467	0.0846474	-0.0578196	7.94228	0.068109	23.7729
12.4677	0.0708437	0.029167	-0.0416767	11.9193	4.01886	23.7715
11.1488	0.01756	0.000991431	-0.0165686	15.9012	7.9975	23.7532
12.4783	0.0712033	0.0289275	-0.0422758	19.8799	11.9791	23.7719
12.4645	0.0709126	0.0291124	-0.0418003	11.9192	0.066862	3.91327
9.65411	-0.00889634	-0.0248965	-0.0160002	15.8982	4.00022	3.89488
9.66124	-0.00857682	-0.024944	-0.0163671	19.8985	8.00015	3.89493
11.1416	0.0175072	0.000933494	-0.0165737	15.9012	0.048324	7.89222
9.65696	-0.00876865	-0.0250209	-0.0162523	19.8985	4.00029	7.89505
12.4688	0.0710584	0.0291083	-0.0419501	19.88	0.066888	11.8741
18.2062	0.174764	0.121448	-0.0533159	0.018921	0.069323	23.7744
15.505	0.14555	0.095548	-0.0500025	3.97755	4.02646	23.7762
12.1058	0.0590373	0.00696399	-0.0520733	7.93913	7.98462	23.7506
10.7964	-0.00346728	-0.0673683	-0.063901	11.9179	11.9809	23.6736
12.1167	0.0594655	0.0066242	-0.0528413	15.9142	15.9594	23.7509
15.522	0.145804	0.0954735	-0.0503302	19.8719	19.9211	23.7766
15.5025	0.145594	0.0955483	-0.0500454	3.97742	0.071293	3.92112
10.7029	0.0420283	0.0499764	0.00794812	7.94068	4.0301	3.92439
7.25309	-0.176281	-0.122223	0.0540579	11.9129	7.98644	3.84538
7.26241	-0.175427	-0.122393	0.053034	15.9125	11.9857	3.84551
10.7215	0.0427661	0.0497252	0.00695906	19.8686	15.9578	3.92481
12.0989	0.0590091	0.00718871	-0.0518204	7.93895	0.04612	7.87914
7.24766	-0.176714	-0.122163	0.0545507	11.9131	3.95061	7.88075
4.74848	-0.446537	-0.340745	0.105792	16.0595	7.83934	7.73395
7.26644	-0.175105	-0.122412	0.0526928	19.9481	11.9857	7.88093
10.7853	-0.00372716	-0.0670251	-0.063298	11.9179	23.7788	11.8754
7.25153	-0.176359	-0.122283	0.0540767	15.9126	3.95056	11.8803
7.26066	-0.175632	-0.122403	0.0532289	19.9479	7.98648	11.8803
12.1035	0.0591858	0.00712782	-0.0520579	15.9142	0.04593	15.8543
10.7103	0.0423224	0.0499176	0.00759522	19.8687	4.03027	15.8526
15.5095	0.145697	0.0956506	-0.050046	19.872	0.07139	19.816
15.0936	0.123357	0.0621927	-0.0611646	0.019239	7.99495	23.7741
14.1702	0.109819	0.0138734	-0.0959459	3.95385	11.9749	23.7373
13.0146	0.0916132	0.00510054	-0.0865126	7.93669	15.962	23.7296
14.1797	0.109929	0.0138992	-0.0960297	11.9236	19.9447	23.7373
14.0125	0.119624	0.0734875	-0.0461363	0.017953	4.03015	3.92493
11.7046	0.062406	0.0271136	-0.0352923	3.96486	7.98976	3.91908
8.81764	-0.0570393	-0.190878	-0.133839	7.79428	11.9713	3.7408
8.82558	-0.056558	-0.190812	-0.134254	11.9277	16.1046	3.74092
11.7217	0.0628471	0.0270781	-0.035769	15.9088	19.9339	3.91943
15.0881	0.123354	0.0622766	-0.0610773	0.019081	0.069325	7.8898
11.701	0.0623012	0.0273441	-0.0349571	3.96495	4.02473	7.88414
6.51658	-0.24246	-0.106737	0.135723	7.90913	7.99857	7.89269
6.53767	-0.240328	-0.106838	0.133489	15.9006	15.9897	7.89284
11.7241	0.0629157	0.0271885	-0.0357272	19.874	19.9339	7.8845
14.1615	0.109722	0.0142822	-0.0954401	3.95384	0.0327	11.8696
8.80766	-0.0576441	-0.190262	-0.132618	7.79471	3.84664	11.8658
8.83194	-0.0561742	-0.190425	-0.134251	20.0524	16.1046	11.8657
13.0017	0.0913925	0.0055043	-0.0858882	7.9367	0.025263	15.8565
8.81091	-0.0574464	-0.190325	-0.132879	11.9277	3.84665	15.9987
6.5249	-0.241619	-0.106818	0.134801	15.9006	7.99872	15.8841
8.82705	-0.05647	-0.190601	-0.134131	20.0524	11.9713	15.999
14.1653	0.109766	0.0141937	-0.0955721	11.9237	0.032796	19.8394
11.7079	0.0624797	0.0272847	-0.035195	15.909	4.02479	19.8283
11.7139	0.0626533	0.0271492	-0.0355041	19.8741	7.98978	19.8285
15.8181	0.142672	0.0844523	-0.0582193	0.020293	15.9562	23.7732
16.886	0.165506	0.107793	-0.0577135	3.97922	19.9192	23.7653
12.4805	0.0711585	0.0289247	-0.0422338	0.021494	11.9792	3.91338
12.6347	0.0951412	0.0236242	-0.071517	3.96373	15.9637	3.90302
12.6401	0.0951405	0.0238682	-0.0712723	7.93482	19.9349	3.90292
11.1538	0.0175976	0.000901275	-0.0166963	0.040172	7.99748	7.89206
9.81962	-0.0236861	-0.0291707	-0.00548461	3.9499	11.9814	7.86351
8.15958	-0.0984842	-0.0977172	0.000767056	7.84813	16.0507	7.88246
9.83339	-0.0232445	-0.0288035	-0.005559	11.9173	19.9488	7.86369
12.4741	0.0709413	0.02914	-0.0418013	0.021652	4.01893	11.8738
9.81523	-0.0239401	-0.0288087	-0.00486861	3.94999	7.96927	11.8756
5.79693	-0.321843	0.153719	0.475562	7.86031	11.9745	11.8688
5.80891	-0.320516	0.154033	0.474549	11.9243	16.0384	11.8689
9.83613	-0.0230839	-0.0286924	-0.00560847	15.9297	19.9487	11.876
15.808	0.14255	0.0847522	-0.0577974	0.020351	0.06826	15.851
12.6249	0.0948588	0.0240326	-0.0708262	3.96381	4.0086	15.8583
8.14875	-0.0992759	-0.0972501	0.00202578	7.84858	7.98793	15.9446
5.80162	-0.321323	0.153856	0.475179	11.9245	11.9744	15.9329
8.16624	-0.0979972	-0.0972767	0.000720544	15.911	16.0505	15.9451
12.6467	0.0953319	0.0240749	-0.0712569	19.8905	19.9349	15.8587
16.8741	0.165421	0.108001	-0.0574203	3.97937	0.060379	19.8139
12.627	0.0948585	0.0240179	-0.0708407	7.93496	4.00846	19.8293
9.8206	-0.0237679	-0.0287642	-0.00499627	11.9177	7.96938	19.8431
9.82807	-0.0233401	-0.0290953	-0.00575515	15.9299	11.9814	19.8435
12.6436	0.0953323	0.0237742	-0.0715581	19.8904	15.9636	19.8298
15.5239	0.145776	0.0954848	-0.0502913	0.016868	19.9211	3.92133
12.1213	0.0594869	0.00676321	-0.0527237	0.042488	15.9596	7.87915
13.4802	0.105214	0.0329724	-0.0722416	3.9644	19.9341	7.88354
10.8043	-0.00328665	-0.0672584	-0.0639717	0.119896	11.981	11.8755
10.859	0.029196	0.0103402	-0.0188559	3.98706	15.9626	11.87
10.8653	0.0292357	0.010765	-0.0184707	7.93599	19.9116	11.8701
12.1146	0.0592258	0.00695592	-0.0522699	0.042556	7.98469	15.8541
10.8552	0.029038	0.0104109	-0.0186271	3.98727	11.9755	15.8572
9.28733	-0.0242079	0.0964058	0.120614	7.95588	15.9429	15.8374
10.8679	0.0293409	0.0109015	-0.0184394	11.9234	19.9117	15.8573
15.5137	0.145625	0.0956186	-0.050006	0.01694	4.02655	19.8158
13.471	0.105041	0.03305	-0.0719905	3.96456	7.98872	19.8285
10.8575	0.0290484	0.0105112	-0.0185372	7.93619	11.9754	19.806
10.8639	0.0293112	0.0104761	-0.0188351	11.9235	15.9625	19.8061
13.4863	0.105331	0.0330493	-0.0722817	15.9099	19.934	19.829
14.1856	0.109995	0.0140676	-0.095927	0.055949	19.9448	11.8698
13.0232	0.0917627	0.00523682	-0.0865259	0.063795	15.962	15.8569
14.2436	0.127515	0.0721727	-0.0553423	3.99005	19.9088	15.8468
14.18	0.109929	0.0139187	-0.0960106	0.056031	11.975	19.8395
14.2407	0.127523	0.0718861	-0.0556364	3.99005	15.952	19.8034
14.2455	0.127508	0.0721994	-0.0553083	7.94671	19.9087	19.8033
16.8942	0.165564	0.107849	-0.057715	0.028023	19.9193	19.8142

11.3089	0.0648153	0.0238021	-0.0410132	19.847	4.0513	3.94645
12.6438	0.0777951	0.0373895	-0.0404056	0.012162	8.00674	3.93628
12.6407	0.0777117	0.0374204	-0.0402913	0.012107	4.04125	7.90204
9.31063	-0.0282687	-0.00288085	0.0253878	11.9266	4.0663	3.96087
7.4787	-0.155514	-0.115335	0.0401791	15.8748	8.02363	3.92979
9.32493	-0.0274886	-0.00311809	0.0243705	19.8326	11.9713	3.96112
13.4964	0.106161	0.063412	-0.0427491	0.009396	15.9433	3.9308
7.47352	-0.155909	-0.115466	0.0404437	15.8748	4.03473	7.91865
7.48238	-0.155233	-0.115546	0.0396868	19.8636	8.02371	7.91859
10.9447	0.00687209	-0.0223034	-0.0291755	0.04057	11.975	7.88687
9.31624	-0.0279619	-0.00304914	0.0249128	19.8324	4.06656	11.8667
10.9409	0.00668113	-0.0221777	-0.0288588	0.040424	7.99204	11.8698
13.4879	0.105926	0.0636861	-0.0422397	0.009471	4.0359	15.8383
13.1254	0.109057	0.0773785	-0.0316786	3.98864	4.04242	3.9375
8.81283	-0.0557842	-0.0482982	0.00748603	7.97537	8.02624	3.93978
7.09242	-0.192458	-0.298411	-0.105953	11.9043	11.9945	3.6719
8.82768	-0.0548365	-0.0484937	0.00634286	15.8727	15.923	3.94014
13.1453	0.109444	0.0773302	-0.0321137	19.8557	19.9097	3.93782
16.234	0.151761	0.0993095	-0.0524518	0.01347	0.074427	3.93367
8.80819	-0.0560413	-0.0479749	0.0080664	7.97543	4.04524	7.92072
3.71067	-0.581171	-0.387733	0.193438	11.9326	8.14051	8.03494
3.72867	-0.578843	-0.387884	0.190959	15.7587	11.9665	8.03497
8.83094	-0.0546566	-0.0483452	0.00631137	19.8535	15.9229	7.9207
14.3006	0.114758	0.0484787	-0.0662795	0.013848	19.9153	7.89639
7.08069	-0.193495	-0.29805	-0.104555	11.9044	3.77725	11.8892
3.71745	-0.580295	-0.387924	0.192371	15.7583	8.14095	11.8607
7.10039	-0.191755	-0.298252	-0.106497	20.1214	11.9945	11.8891
11.9555	0.051518	-0.0454463	-0.0969643	0.077462	15.9674	11.8664
8.81433	-0.0556488	-0.0481152	0.00753353	15.8729	4.04546	15.818
8.82209	-0.0552201	-0.0483084	0.00691178	19.8535	8.02622	15.8179
11.9522	0.0513923	-0.0454566	-0.096849	0.077506	11.9716	15.8621
13.1337	0.109218	0.0774329	-0.031785	19.8557	4.04254	19.8047
14.2926	0.114614	0.0485048	-0.0661097	0.014058	8.0011	19.8103
16.2365	0.151725	0.0993565	-0.0523686	0.013615	4.03834	23.7798
11.5205	0.0545697	-0.0266208	-0.0811904	3.95669	11.9743	3.89839
10.0177	0.0124905	-0.109931	-0.122421	7.96881	15.9296	3.9099
11.5323	0.0547983	-0.0264421	-0.0812404	11.9243	19.9421	3.89852
12.6331	0.0777559	0.0374019	-0.040354	15.8911	0.076134	3.93634
10.0032	-0.0123196	-0.00105052	0.0112691	3.99199	8.0037	7.89866
6.21724	-0.274494	-0.160689	0.113805	7.87221	12.0045	7.82461
6.22812	-0.273367	-0.160456	0.112911	11.8946	16.0266	7.82484
10.0231	-0.0115442	-0.000995974	0.0105483	15.8946	19.9065	7.89885
12.6351	0.0778111	0.0374287	-0.0403825	19.8569	0.076245	7.90218
11.5133	0.0543112	-0.0260904	-0.0804015	3.95691	4.00382	11.8692
6.20945	-0.275341	-0.160216	0.115125	7.8731	7.93063	11.8987
6.23246	-0.272894	-0.160177	0.112717	15.9684	16.0264	11.8989
11.537	0.0549685	-0.0262488	-0.0812173	19.8948	19.942	11.8691
14.9215	0.11837	0.0474097	-0.07096	0.013234	0.0751	11.8678
10.0058	0.0119401	-0.109469	-0.121409	7.96891	4.0152	15.8245
6.21367	-0.274903	-0.160206	0.114696	11.8949	7.93069	15.9201
6.22594	-0.273568	-0.160469	0.113099	15.9687	12.0046	15.9208
10.026	0.0128743	-0.109499	-0.122374	19.8835	15.9297	15.8247
15.0616	0.135552	0.0638124	-0.0717393	0.028393	19.9125	15.8383
11.5182	0.0544102	-0.0261855	-0.0805957	11.9241	4.00352	19.8364
10.0115	-0.0119963	-0.00106972	0.0109265	15.8947	8.00378	19.8014
11.5299	0.0548306	-0.0265043	-0.0813349	19.8947	11.9741	19.8367
15.0591	0.135561	0.0635691	-0.0719917	0.02843	15.943	19.8078
12.6363	0.077698	0.0375085	-0.0401895	15.8912	4.04117	23.7813
12.6416	0.0778402	0.0374484	-0.0403918	19.8572	8.00668	23.7813
14.9292	0.118452	0.047183	-0.0712693	0.0132	11.9724	23.7803
14.7353	0.138656	0.077859	-0.0607966	3.98527	19.9129	3.9251
13.4769	0.105853	0.0636608	-0.0421921	7.95481	0.078837	3.93072
11.0817	0.0393514	-0.0111528	-0.0505042	3.97609	15.9541	7.88536
11.0877	0.0393783	-0.0107539	-0.0501323	7.94453	19.9225	7.88547
10.9262	0.0064512	-0.0220724	-0.0285236	11.9234	0.047719	7.8871
9.50922	-0.0411829	-0.00727155	0.0339113	4.0052	11.9636	11.8585
7.67745	-0.136332	0.104711	0.241043	7.97631	15.922	11.8442
9.52326	-0.0406791	-0.00677919	0.0338999	11.9348	19.8933	11.8586
10.9289	0.00658841	-0.0221466	-0.028735	15.9064	0.047601	11.8702
11.0743	0.0390391	-0.0107221	-0.0497612	3.97628	7.99043	15.8486
7.67218	-0.136747	0.104726	0.241472	7.97641	11.9492	15.8168
7.68088	-0.136064	0.104978	0.241042	11.9492	15.922	15.8168
11.0926	0.0395875	-0.0105479	-0.0501354	15.908	19.9223	15.8489
13.483	0.10602	0.0637049	-0.0423147	19.8626	0.078757	15.8384
14.7247	0.138493	0.0780281	-0.0604648	3.98542	4.02998	19.808
11.0766	0.0390496	-0.0106436	-0.0496932	7.94474	7.99037	19.8169
9.51477	-0.0409853	-0.00715654	0.0338288	11.9351	11.9636	19.788
11.089	0.0395696	-0.0109765	-0.0505461	15.9081	15.9538	19.8173
14.7428	0.138773	0.0779506	-0.060822	19.8684	19.9128	19.8082
17.5498	0.170241	0.115968	-0.054273	0.017489	0.070444	19.809
13.4798	0.1058	0.0636411	-0.0421584	7.95498	4.03572	23.7838
10.9334	0.00651099	-0.0221069	-0.0286179	11.9235	7.992	23.7529
10.9395	0.00682997	-0.0223736	-0.0292036	15.9066	11.9749	23.7529
13.4942	0.106195	0.0633785	-0.0428168	19.8626	15.943	23.7841
17.5605	0.170314	0.115772	-0.0545425	0.017397	19.9137	23.776
14.2775	0.114502	0.0486819	-0.0658198	3.98303	0.074228	7.89628
13.26	0.0985945	0.0269049	-0.0716896	3.9935	19.905	11.8626
11.9328	0.0510138	-0.0450818	-0.0960957	7.93144	0.010988	11.8668
11.9972	0.0758831	0.0486652	-0.0272179	4.00889	15.9349	15.8302
12.0026	0.07589	0.0491252	-0.0267648	7.96337	19.8893	15.8301
11.9353	0.0511068	-0.0451146	-0.0962213	11.9265	0.01083	15.8622
13.254	0.0985158	0.0267207	-0.0717951	3.99352	11.9673	19.7999
11.9994	0.0758818	0.0487587	-0.0271232	7.96347	15.9349	19.7844
13.264	0.0986474	0.0269559	-0.0716915	11.9309	19.9048	19.7999
14.2833	0.114606	0.0486541	-0.0659516	15.897	0.074036	19.8102
14.283	0.114507	0.0484693	-0.0660378	3.98316	8.00102	23.7793
11.943	0.0511879	-0.0455356	-0.0967235	7.93142	11.9715	23.7156
11.9487	0.0513995	-0.0456636	-0.0970631	11.9269	15.9673	23.7158
14.2966	0.114753	0.0483495	-0.0664037	15.8969	19.9151	23.7795
16.2323	0.151788	0.0993626	-0.0524256	19.8596	0.074416	23.7799
15.0395	0.135345	0.0639362	-0.0714085	3.98578	0.059988	15.8383
16.1558	0.160079	0.104782	-0.0552968	3.99023	19.9079	19.8032
15.0414	0.135339	0.0639069	-0.0714317	7.95509	0.059891	19.8076
15.0498	0.135475	0.0635504	-0.0719242	3.98575	15.9431	23.7652
15.0543	0.13546	0.0636885	-0.0717713	7.95507	19.9126	23.7651
14.9161	0.118312	0.0473213	-0.0709908	11.9255	0.074908	23.7801
17.5421	0.170187	0.115858	-0.0543286	3.98436	0.070412	23.7758

