16.017	0.0723501	0.0227582	-0.0495918	15.9128	23.777	23.7607
16.983	0.0830201	0.037627	-0.0453931	19.8721	3.92539	23.7644
16.9636	0.0829527	0.0376209	-0.0453318	19.8735	23.7808	3.909
15.2152	0.0618397	-0.00222001	-0.0640598	7.95726	23.7661	23.7521
14.2001	0.0549749	-0.0278506	-0.0828255	11.9343	3.90254	23.7816
13.1279	0.0465341	-0.0288182	-0.0753523	15.9172	7.88262	23.7969
14.3559	0.0558385	-0.0320036	-0.0878421	19.9019	11.8684	23.7944
14.1742	0.0548312	-0.028173	-0.0830042	11.9354	23.7965	3.88724
14.146	0.0634247	0.0232553	-0.0401694	15.9025	3.93513	3.91937
14.2137	0.0632959	0.0252213	-0.0380747	19.8564	7.89228	3.92005
13.1072	0.0463687	-0.0289182	-0.0752869	15.9191	0.002425	7.86652
14.2183	0.063288	0.0252675	-0.0380205	19.8562	3.93608	7.87683
14.3435	0.0557749	-0.0331254	-0.0889003	19.9037	0.001673	11.8533
18.252	0.087467	0.0434941	-0.0439729	0.025296	23.7708	23.7553
15.4687	0.0720983	0.0255074	-0.0465909	3.98192	3.91543	23.746
12.1236	0.0287176	-0.024806	-0.0535236	7.94456	7.87302	23.7571
10.9127	-0.000536689	-0.0631886	-0.0626519	11.9468	11.8655	0.034789
12.3131	0.0320411	-0.0180325	-0.0500737	15.9188	15.8591	23.7848
15.7361	0.0740286	0.0318528	-0.0421758	19.8804	19.8153	23.7587
15.4433	0.0719865	0.025239	-0.0467475	3.98292	23.76	3.90109
13.3254	0.0511438	-0.0311067	-0.0822506	7.94675	3.88197	3.86869
10.7318	0.0125759	0.00441193	-0.008164	11.9321	7.87963	3.90462
10.795	0.0140519	0.0269598	0.0129079	15.9054	11.8691	3.93307
13.5136	0.0529991	-0.00514322	-0.0581424	19.8909	15.851	3.90036
12.0957	0.0284321	-0.0249505	-0.0533826	7.94565	23.7686	7.85858
10.7401	0.0126238	0.00435472	-0.00826903	11.9321	3.91758	7.86521
9.21792	-0.0140745	0.146272	0.160346	15.883	7.91322	7.89774
10.8974	0.0143772	0.0318042	0.017427	19.8547	11.8706	7.88026
10.8886	-0.000785484	-0.0616578	-0.0608723	11.9482	0.045938	11.8511
10.805	0.0141617	0.0287604	0.0145987	15.9024	3.95055	11.8541
10.899	0.014441	0.0334874	0.0190464	19.8501	7.89775	11.8555
12.3012	0.0320232	-0.0175387	-0.0495619	15.9174	23.8007	15.8441
13.5244	0.0531168	-0.00358008	-0.0566969	19.886	3.91852	15.8357
15.7312	0.0740646	0.0321126	-0.041952	19.8791	23.7752	19.7993
15.7556	0.0707795	0.01854	-0.0522395	0.020776	7.88521	23.7519
12.4739	0.0345768	-0.0154552	-0.050032	3.97149	11.8606	23.7404
11.2515	0.00949867	-0.0248274	-0.034326	7.96216	15.8498	23.7731
12.6555	0.0373667	-0.0103542	-0.0477209	11.9422	19.8214	23.7661
16.6715	0.0819115	0.0364156	-0.0454959	0.011382	3.91879	3.90384
12.4418	0.0451584	-0.0338166	-0.078975	3.95729	7.87113	3.8733
9.7014	-0.0146019	-0.0247557	-0.0101538	7.91577	11.8564	3.83064
9.73254	-0.0129637	0.00382062	0.0167843	11.9373	15.8597	3.90176
12.6565	0.0484152	-0.0103038	-0.058719	15.9214	19.8312	3.90249
15.7359	0.0706644	0.0181166	-0.0525478	0.022288	23.7669	7.87032
12.4493	0.0451723	-0.0348912	-0.0800634	3.95729	3.88523	7.85771
8.05716	-0.0530545	-0.0972689	-0.0442144	7.94089	7.7151	7.70514
5.6179	-0.171097	0.336819	0.507916	11.8708	11.8503	7.8626
8.19291	-0.0479992	-0.0241781	0.0238211	16.0065	15.8552	7.80573
12.7517	0.0484379	-0.0180144	-0.0664523	19.8969	19.832	7.8685
12.4522	0.0344218	-0.0155378	-0.0499596	3.97129	23.7509	11.8476
9.72775	-0.0141276	-0.0268567	-0.0127291	7.9127	3.83474	11.8433
5.63169	-0.170316	0.338015	0.50833	11.8599	7.87414	11.8341
5.80285	-0.160755	0.364912	0.525667	15.9268	11.9294	11.9034
10.0138	-0.00834475	-0.00759461	0.00075014	19.9382	15.8847	11.8537
11.2344	0.00944161	-0.0237254	-0.033167	7.96216	23.7834	15.8367
9.75524	-0.0124867	0.00439915	0.0168859	11.9346	3.91638	15.8446
8.19793	-0.0478074	-0.0193882	0.0284192	15.9948	7.82754	15.8378
10.011	-0.00831628	-0.00544763	0.00286865	19.9283	11.8698	15.8667
12.6486	0.0374253	-0.00973603	-0.0471614	11.9412	23.7802	19.8061
12.6763	0.0486241	-0.00965045	-0.0582745	15.9182	3.91944	19.8147
12.7638	0.0486347	-0.0165823	-0.065217	19.8915	7.8849	19.8155
15.0861	0.0618364	0.00362008	-0.0582163	0.03096	15.8448	23.7565
14.0798	0.0599046	0.00997807	-0.0499265	3.99187	19.8084	23.7552
13.9864	0.0537533	-0.041467	-0.0952203	23.7885	11.8647	3.86927
11.5538	0.0292202	-0.0112263	-0.0404464	3.98864	15.8491	3.8863
11.6296	0.0303733	-0.00132914	-0.0317025	7.95444	19.8071	3.89765
12.8045	0.0437048	-0.0332384	-0.0769432	23.786	7.8751	7.86072
8.65882	-0.0334502	-0.181151	-0.1477	3.78434	11.8765	7.66807
6.37355	-0.128531	0.014492	0.143023	7.96341	15.8258	7.86659
8.79363	-0.0292987	-0.144323	-0.115024	11.9365	19.9535	7.76337
14	0.0538364	-0.0425135	-0.0963499	23.7857	3.88273	11.8509
8.67794	-0.0328469	-0.184377	-0.15153	3.77843	7.67377	11.8633
8.98985	-0.0234454	-0.174443	-0.150998	16.0823	19.9951	11.8569
15.0773	0.0618471	0.0040283	-0.0578188	0.029912	23.7717	15.8308
11.5763	0.0295276	-0.0115358	-0.0410634	3.98702	3.89888	15.8359
6.39952	-0.127184	0.0121982	0.139382	7.96162	7.87898	15.8107
6.74881	-0.109683	-0.0241703	0.0855123	15.9544	15.8443	15.8276
11.9295	0.0341913	-0.00350541	-0.0376967	19.9014	19.8194	15.8389
14.0745	0.0599638	0.0103206	-0.0496432	3.99108	23.7689	19.7947
11.6568	0.030746	-0.00083133	-0.0315774	7.95291	3.91163	19.7932
8.81807	-0.0285596	-0.145464	-0.116904	11.934	7.7803	19.939
8.99588	-0.0232749	-0.172608	-0.149333	16.0717	11.8724	19.9749
11.9342	0.034259	-0.00303665	-0.0372956	19.8999	15.8536	19.8039
15.3779	0.0724949	0.0295245	-0.0429704	0.030116	19.8099	3.90622
11.9373	0.0280572	-0.0171895	-0.0452467	0.013325	15.8573	7.86999
10.6121	0.0191469	0.0231732	0.00402622	3.99407	19.8013	7.87074
10.5965	-0.00427644	-0.0403056	-0.0360291	23.7581	11.8597	11.8466
7.06129	-0.096398	-0.0218639	0.0745341	3.97946	15.8331	11.8447
7.23873	-0.089036	-0.0718222	0.0172138	7.96767	19.8577	11.8481
11.9535	0.0283271	-0.0169306	-0.0452577	0.008708	7.88603	15.8432
7.07615	-0.0957039	-0.0231958	0.0725081	3.97649	11.8584	15.8219
4.77356	-0.221674	-0.204419	0.0172552	7.84581	16.0007	15.9906
7.41919	-0.0809499	-0.0936792	-0.0127293	11.9479	19.8751	15.8515
15.3982	0.0726415	0.0299465	-0.0426951	0.027612	3.92196	19.7947
10.6356	0.0196207	0.0232003	0.00357963	3.99215	7.88472	19.7879
7.26756	-0.0878042	-0.0778164	0.00998782	7.9639	11.8627	19.8502
7.43366	-0.080387	-0.0980652	-0.0176783	11.9472	15.8672	19.8648
10.9361	0.0254914	0.0166511	-0.0088403	15.9212	19.816	19.8005
12.3706	0.035186	-0.00352902	-0.038715	0.042579	19.8188	11.8506
11.0342	0.00856366	-0.00222149	-0.0107852	0.034103	15.8434	15.8305
9.64551	-0.00456981	-0.0411738	-0.0366039	3.97598	19.8343	15.8273
12.3857	0.0354052	-0.00320968	-0.0386149	0.038831	11.8646	19.8036
9.6553	-0.0043511	-0.0425715	-0.0382204	3.97533	15.8403	19.8225
9.77629	-0.00165068	-0.0598211	-0.0581704	7.96532	19.842	19.8295
14.0009	0.0606102	0.0165433	-0.0440669	0.03536	19.8113	19.7968

16.1108	0.0797947	0.040073	-0.0397218	19.8613	3.93223	3.91631
14.8465	0.0665003	0.00249813	-0.0640022	0.006443	7.88988	3.90572
14.8515	0.0664935	0.00203108	-0.0644624	0.006249	3.92064	7.87521
13.135	0.048405	-0.016495	-0.0649	11.926	3.92174	3.90724
11.9314	0.0373842	0.0314394	-0.00594482	15.8933	7.90326	3.93151
13.2681	0.0492363	-0.00400521	-0.0532415	19.8605	11.873	3.92075
14.1199	0.0565632	-0.00624056	-0.0628038	0.031598	15.8412	3.90655
11.9368	0.0373857	0.0318831	-0.00550261	15.8931	3.94724	7.88843
12.015	0.0373763	0.039028	0.00165176	19.8435	7.90482	7.88967
11.7526	0.0234247	-0.062621	-0.0860457	23.7727	11.865	7.8508
13.2754	0.0492838	-0.00335815	-0.0526419	19.8576	3.93816	11.8582
11.7623	0.0235778	-0.0633653	-0.0869432	23.7694	7.86431	11.8514
14.1374	0.056718	-0.00582906	-0.0625471	0.028189	3.92295	15.8273
14.5423	0.067871	0.00864592	-0.0592251	3.97835	3.91488	3.90093
10.9516	0.0173589	-0.0486255	-0.0659844	7.93919	7.8516	3.85788
9.39966	-0.0227518	0.0415237	0.0642755	11.9179	11.8744	3.93626
11.0743	0.0203467	-0.00850473	-0.0288514	15.9144	15.8546	3.91268
14.8049	0.069923	0.0199574	-0.0499656	19.8757	19.8146	3.91247
17.4618	0.0847461	0.0409646	-0.0437815	0.024289	23.7684	3.90842
10.9629	0.0174408	-0.0497328	-0.0671736	7.93942	3.86754	7.83658
7.61363	-0.0706823	0.169049	0.239731	11.8985	7.86917	7.8546
7.68623	-0.0678674	0.220889	0.288756	15.8822	11.8926	7.89759
11.1985	0.0209028	-0.0147865	-0.0356893	19.8993	15.8543	7.86399
13.3734	0.0524222	0.0144524	-0.0379699	0.038655	19.8073	7.87726
9.41802	-0.0224008	0.0419932	0.064394	11.916	3.94812	11.86
7.68566	-0.0678948	0.225595	0.29349	15.8743	7.91954	11.8767
9.63299	-0.0186038	0.0604152	0.079019	19.854	11.8865	11.8704
10.7735	0.00184926	-0.00953158	-0.0113808	0.033111	15.8474	11.8525
11.0894	0.0205688	-0.00656556	-0.0271344	15.9099	3.93057	15.8386
11.2026	0.0210524	-0.0121543	-0.0332067	19.8911	7.88325	15.8386
10.7844	0.00207992	-0.00943611	-0.011516	0.029395	11.8664	15.8337
14.8212	0.0700549	0.0205175	-0.0495374	19.8725	3.92944	19.7986
13.3925	0.0526601	0.014891	-0.0377691	0.035186	7.89284	19.7924
17.4832	0.0848189	0.0410681	-0.0437508	0.02312	3.92392	23.753
11.392	0.0252675	-0.0712224	-0.0964899	3.92168	11.8614	3.8319
9.90337	-0.00798369	0.0070969	0.0150806	7.96273	15.8493	3.9053
11.495	0.027498	-0.0379441	-0.0654422	11.9385	19.8329	3.8946
15.1073	0.0681697	0.00889119	-0.0592785	15.9037	23.7844	3.91187
9.83402	0.00188598	-0.146981	-0.148867	3.95223	7.88689	7.87349
6.25406	-0.135374	-0.0554041	0.0799703	7.75195	11.8195	7.60943
6.16693	-0.139762	-0.00271078	0.137051	11.9645	15.9148	7.83688
10.1325	0.00881767	-0.105247	-0.114065	15.9067	19.8441	7.8811
15.1806	0.068033	0.00578497	-0.0622481	19.8718	23.7859	7.87918
11.4139	0.0255233	-0.0735295	-0.0990528	3.91678	3.83917	11.8486
6.29168	-0.133411	-0.0599372	0.073474	7.73693	7.60333	11.8035
6.54207	-0.120517	-0.0415835	0.078934	16.1116	16.0425	11.8201
11.742	0.0300191	-0.0548266	-0.0848457	19.9376	19.8681	11.8552
14.8819	0.0588661	-0.0129549	-0.0718209	0.026425	23.7624	11.8531
9.93016	-0.00744033	0.00666068	0.014101	7.96171	3.91662	15.8369
6.18388	-0.138852	-0.00262249	0.136229	11.961	7.85819	15.8974
6.52434	-0.121387	-0.0373442	0.0840432	16.0862	11.8385	16.0123
10.2538	-0.00127323	0.00463068	0.00590391	19.899	15.8533	15.8399
12.5901	0.0394812	3.14459e-05	-0.0394498	0.045733	19.8063	15.828
11.5192	0.0278375	-0.0374396	-0.0652771	11.9362	3.91064	19.8172
10.1498	0.00920255	-0.103364	-0.112567	15.9022	7.89844	19.8277
11.745	0.0301201	-0.0525863	-0.0827065	19.9291	11.8702	19.8482
12.5968	0.0395626	-0.000346512	-0.0399091	0.045121	15.8412	19.7927
15.1296	0.0682683	0.00895137	-0.059317	15.9024	3.92828	23.7683
15.1976	0.0681378	0.00623455	-0.0619033	19.8701	7.89516	23.7694
14.897	0.0589427	-0.0121785	-0.0711213	0.026207	11.867	23.7475
13.0317	0.0536953	0.0231357	-0.0305597	3.9967	19.7983	3.90989
14.2594	0.0566432	-0.00919918	-0.0658424	7.95853	23.7549	3.89778
8.68383	-0.0317787	-0.0248439	0.00693477	3.99175	15.8243	7.88882
8.79833	-0.0285551	-0.0241347	0.00442042	7.98004	19.8037	7.88588
11.9872	0.0254813	-0.0585153	-0.0839966	11.9342	0.005159	7.8622
6.88116	-0.105776	-0.165892	-0.0601161	3.76261	11.8278	11.817
3.77095	-0.286706	-0.119616	0.16709	8.08678	15.8759	11.8865
7.18504	-0.0921907	-0.221106	-0.128915	11.9878	20.0409	11.8369
12.1022	0.0273569	-0.0613999	-0.0887569	15.9326	0.027362	11.8573
8.70273	-0.0311603	-0.0259484	0.00521189	3.99032	7.90343	15.8114
3.78602	-0.285731	-0.126266	0.159465	8.09732	11.9074	15.8662
4.00577	-0.271433	-0.196536	0.0748969	11.8828	15.7693	15.7629
9.05927	-0.0204544	-0.0443374	-0.0238831	15.9005	19.8172	15.8223
14.499	0.0587138	0.000196025	-0.0585178	19.8768	23.7773	15.8311
13.0562	0.0539438	0.0235671	-0.0303767	3.99498	3.92427	19.7844
8.82506	-0.0277406	-0.0255029	0.0022377	7.97818	7.90076	19.7901
7.2098	-0.0911315	-0.227232	-0.136101	11.984	11.852	20.0305
9.06651	-0.0202724	-0.044632	-0.0243596	15.8997	15.8369	19.8016
13.3742	0.0570124	0.027355	-0.0296574	19.8783	19.8091	19.7938
16.2597	0.0762742	0.0302538	-0.0460204	0.031928	23.7696	19.7908
14.2867	0.0567949	-0.0087263	-0.0655212	7.95759	3.91254	23.7414
12.0134	0.0257532	-0.0588156	-0.0845688	11.9323	7.87692	23.8021
12.1185	0.0274763	-0.0611609	-0.0886372	15.931	11.8726	0.010891
14.5087	0.0587108	-4.02047e-05	-0.058751	19.8781	15.8458	23.7607
16.2631	0.076231	0.0299241	-0.0463069	0.033005	19.8057	23.7541
13.4447	0.051749	0.00805328	-0.0436958	3.987	23.7499	7.87278
9.28144	-0.0149948	-0.00363685	0.011358	4.01657	19.785	11.8548
10.9634	0.00272259	-0.0343449	-0.0370675	7.95424	23.7694	11.8507
7.42367	-0.0797129	-0.0542805	0.0254325	4.00657	15.8274	15.8155
7.60132	-0.0728681	-0.0980407	-0.0251725	7.97733	19.8349	15.8333
11.0919	0.00560496	-0.0302682	-0.0358732	11.94	23.7968	15.8372
9.30048	-0.0144765	-0.00513296	0.00934355	4.01509	11.8682	19.7727
7.61635	-0.0723048	-0.101759	-0.0294543	7.97609	15.8472	19.8259
9.53886	-0.00811915	-0.0276056	-0.0194865	11.9395	19.8005	19.7865
13.7039	0.0551002	0.0152884	-0.0398117	15.9073	23.7741	19.7973
13.4691	0.0519383	0.00839218	-0.0435461	3.98608	7.88706	23.737
10.9904	0.00300721	-0.0353283	-0.0383355	7.95345	11.8641	23.761
11.1079	0.00566274	-0.0317834	-0.0374462	11.9405	15.8518	23.7847
13.709	0.0550506	0.0149822	-0.0400683	15.9083	19.8129	23.7579
17.7724	0.0858115	0.0425072	-0.0433043	19.8725	23.7741	23.7578
12.6746	0.0386893	-0.00978605	-0.0484753	3.99781	23.762	15.8264
11.3677	0.0333781	-0.0229713	-0.0563495	4.00777	19.798	19.7849
12.7683	0.0398808	-0.0122462	-0.052127	7.96675	23.7686	19.7945
12.6878	0.0386976	-0.0104032	-0.0491008	3.99832	15.8391	23.7498
12.775	0.0398101	-0.0127049	-0.052515	7.96742	19.8079	23.7559
15.1028	0.0600535	-0.00654307	-0.0665965	11.9353	23.7692	23.7537
16.3223	0.0757225	0.0254418	-0.0502807	3.99248	23.7645	23.7502

